# Monte Carlo estimation of the integral using importance sampling with pdf (1+π/4)-(π/2)*x
# Total number of throws: M = 10000000
# Number of blocks: N = 1000
# Throws per block: L = 10000
# Columns:
# 1) block index
# 2) I estimate in the block
# 3) progressive mean of I
# 4) progressive statistical uncertainty

1 1.00126 1.00126 0
2 0.999616 1.00044 0.000820426
3 1.00009 1.00032 0.000487281
4 1.00083 1.00045 0.000367498
5 0.999288 1.00022 0.000367464
6 0.996468 0.999593 0.000693218
7 0.998915 0.999496 0.000593818
8 1.00038 0.999606 0.000525942
9 1.00126 0.99979 0.000498932
10 1.00148 0.999958 0.000477067
11 0.999886 0.999952 0.000431573
12 1.0011 1.00005 0.000405451
13 1.00029 1.00007 0.000373438
14 1.00149 1.00017 0.000360362
15 0.996538 0.999926 0.000413663
16 0.997685 0.999786 0.00041151
17 1.00009 0.999804 0.000386967
18 0.999389 0.999781 0.000365566
19 1.00051 0.999819 0.000347887
20 0.99831 0.999744 0.000338546
21 0.999572 0.999736 0.000322125
22 0.999905 0.999743 0.00030723
23 0.998757 0.9997 0.000296684
24 0.999446 0.99969 0.000284251
25 1.00138 0.999757 0.000280874
26 1.00101 0.999805 0.000274097
27 0.999306 0.999787 0.000264396
28 0.999362 0.999772 0.000255231
29 0.999507 0.999762 0.000246442
30 0.996637 0.999658 0.000259887
31 1.00277 0.999759 0.00027064
32 1.0013 0.999807 0.000266437
33 0.999782 0.999806 0.000258238
34 1.00013 0.999816 0.000250712
35 1.00145 0.999862 0.000247888
36 0.997693 0.999802 0.000248324
37 1.00062 0.999824 0.000242537
38 0.997939 0.999775 0.000241224
39 1.00023 0.999786 0.000235253
40 0.999798 0.999787 0.000229296
41 1.0005 0.999804 0.000224309
42 0.999621 0.9998 0.000218947
43 1.00007 0.999806 0.000213886
44 0.999366 0.999796 0.000209208
45 0.998699 0.999772 0.000205954
46 1.00106 0.9998 0.000203377
47 1.00002 0.999804 0.000199057
48 1.00114 0.999832 0.000196832
49 1.00016 0.999839 0.00019289
50 0.998812 0.999818 0.000190106
51 1.00075 0.999837 0.000187232
52 1.00115 0.999862 0.000185321
53 1.00081 0.99988 0.000182663
54 1.00073 0.999895 0.000179939
55 0.998922 0.999878 0.000177521
56 1.00015 0.999883 0.000174389
57 1.00023 0.999889 0.00017141
58 0.998453 0.999864 0.000170238
59 0.999969 0.999866 0.000167338
60 1.00041 0.999875 0.000164777
61 0.998722 0.999856 0.00016315
62 1.00068 0.999869 0.000161045
63 1.00037 0.999877 0.00015867
64 0.998423 0.999854 0.000157816
65 0.998295 0.99983 0.000157209
66 1.0011 0.99985 0.000155999
67 0.9994 0.999843 0.0001538
68 1.00048 0.999852 0.000151813
69 0.999818 0.999852 0.000149598
70 0.999886 0.999852 0.000147446
71 1.00074 0.999865 0.000145897
72 1.00039 0.999872 0.00014404
73 1.00086 0.999886 0.0001427
74 1.00024 0.99989 0.000140839
75 0.997803 0.999863 0.000141709
76 0.99926 0.999855 0.000140057
77 0.999528 0.99985 0.000138291
78 0.999812 0.99985 0.000136507
79 0.999684 0.999848 0.000134785
80 0.999074 0.999838 0.000133441
81 1.0016 0.99986 0.000133562
82 1.00144 0.999879 0.000133322
83 0.999793 0.999878 0.00013171
84 1.00087 0.99989 0.000130665
85 0.9997 0.999888 0.000129138
86 0.998747 0.999874 0.000128315
87 1.00073 0.999884 0.00012721
88 0.999293 0.999878 0.000125936
89 0.998523 0.999862 0.00012544
90 1.0008 0.999873 0.000124478
91 0.999414 0.999868 0.000123206
92 0.996898 0.999835 0.000126061
93 1.00198 0.999858 0.000126808
94 1.00058 0.999866 0.000125686
95 1.00017 0.999869 0.000124396
96 1.0014 0.999885 0.000124117
97 0.999424 0.99988 0.000122923
98 1.00146 0.999897 0.000122728
99 1.00147 0.999913 0.000122523
100 0.998559 0.999899 0.000122045
101 1.00178 0.999918 0.000122255
102 1.00025 0.999921 0.000121096
103 1.00047 0.999926 0.000120035
104 0.99888 0.999916 0.0001193
105 0.999876 0.999916 0.000118159
106 1.00114 0.999927 0.00011761
107 0.999749 0.999926 0.000116518
108 1.00177 0.999943 0.000116686
109 1.00187 0.99996 0.000116953
110 0.998378 0.999946 0.000116774
111 0.99966 0.999944 0.000115746
112 0.999966 0.999944 0.000114708
113 0.999338 0.999938 0.000113814
114 1.00142 0.999951 0.000113554
115 0.998648 0.99994 0.000113131
116 0.999738 0.999938 0.000112165
117 1.00196 0.999955 0.000112531
118 0.999735 0.999954 0.000111589
119 1.00048 0.999958 0.000110734
120 0.999833 0.999957 0.000109812
121 1.0008 0.999964 0.000109122
122 1.0014 0.999976 0.000108859
123 0.99969 0.999973 0.000107995
124 0.99912 0.999966 0.000107342
125 1.00115 0.999976 0.000106897
126 0.995589 0.999941 0.000111616
127 1.00002 0.999942 0.000110735
128 1.0004 0.999945 0.000109925
129 1.00029 0.999948 0.000109102
130 1.00062 0.999953 0.000108383
131 0.997811 0.999937 0.000108788
132 0.998944 0.999929 0.000108222
133 0.998829 0.999921 0.000107723
134 0.999325 0.999917 0.000107009
135 0.99937 0.999912 0.000106291
136 1.00119 0.999922 0.000105921
137 1 0.999922 0.000105147
138 0.999363 0.999918 0.000104461
139 0.999846 0.999918 0.000103708
140 1.00017 0.99992 0.00010298
141 1.00129 0.999929 0.000102708
142 1.0015 0.99994 0.000102578
143 0.998765 0.999932 0.000102189
144 0.999453 0.999929 0.000101532
145 1.00019 0.999931 0.000100845
146 1.00139 0.999941 0.000100651
147 1.00298 0.999961 0.000102085
148 1.00223 0.999977 0.000102548
149 0.998878 0.999969 0.000102123
150 1.00229 0.999985 0.000102609
151 0.999677 0.999983 0.000101947
152 0.99909 0.999977 0.000101445
153 1.00042 0.99998 0.00010082
154 1.00168 0.999991 0.000100771
155 0.999669 0.999989 0.000100141
156 1.00028 0.999991 9.95141e-05
157 1.00028 0.999992 9.88953e-05
158 0.99974 0.999991 9.82804e-05
159 1.00169 1 9.82443e-05
160 0.999155 0.999996 9.77717e-05
161 0.999913 0.999996 9.71639e-05
162 0.998935 0.999989 9.6784e-05
163 0.998465 0.99998 9.6642e-05
164 0.999658 0.999978 9.6071e-05
165 1.00164 0.999988 9.6018e-05
166 1.0007 0.999992 9.55331e-05
167 0.998161 0.999981 9.55901e-05
168 1.00088 0.999987 9.5169e-05
169 0.999754 0.999985 9.46141e-05
170 1.00054 0.999988 9.41134e-05
171 1.00224 1 9.44859e-05
172 1.00105 1.00001 9.41341e-05
173 0.99979 1.00001 9.35968e-05
174 0.998774 0.999999 9.33266e-05
175 0.998723 0.999992 9.3078e-05
176 1.00094 0.999998 9.27048e-05
177 1.00035 1 9.22012e-05
178 1.0004 1 9.17097e-05
179 0.999697 1 9.12118e-05
180 1.0005 1 9.07466e-05
181 0.999191 0.999998 9.03551e-05
182 1.0009 1 8.99928e-05
183 0.99859 0.999996 8.98325e-05
184 0.999561 0.999993 8.93742e-05
185 1.00228 1.00001 8.97416e-05
186 1.00056 1.00001 8.93081e-05
187 0.999819 1.00001 8.8835e-05
188 0.99952 1 8.83992e-05
189 1.00009 1.00001 8.79312e-05
190 0.99951 1 8.75061e-05
191 1.00146 1.00001 8.73823e-05
192 1.00102 1.00002 8.70852e-05
193 0.998872 1.00001 8.68353e-05
194 1.00099 1.00001 8.65331e-05
195 0.999127 1.00001 8.62086e-05
196 0.998895 1 8.59562e-05
197 1.00279 1.00002 8.66764e-05
198 1.0003 1.00002 8.62493e-05
199 1.00059 1.00002 8.5862e-05
200 1.0003 1.00002 8.54428e-05
201 0.998636 1.00002 8.52967e-05
202 0.998324 1.00001 8.52863e-05
203 0.998244 1 8.53095e-05
204 0.999389 0.999997 8.49433e-05
205 1.00217 1.00001 8.519e-05
206 0.999964 1.00001 8.47757e-05
207 0.999149 1 8.4467e-05
208 1.00103 1.00001 8.42045e-05
209 0.997746 0.999998 8.44973e-05
210 1.00091 1 8.42063e-05
211 1.00035 1 8.38224e-05
212 1.00086 1.00001 8.3524e-05
213 1.00134 1.00001 8.33643e-05
214 1.00113 1.00002 8.31369e-05
215 1.0011 1.00002 8.29025e-05
216 0.999103 1.00002 8.26279e-05
217 1.0022 1.00003 8.2859e-05
218 0.998317 1.00002 8.28513e-05
219 1.00031 1.00002 8.24825e-05
220 1.0004 1.00003 8.21248e-05
221 0.997829 1.00002 8.2354e-05
222 0.999889 1.00001 8.19841e-05
223 1.00089 1.00002 8.17092e-05
224 0.998451 1.00001 8.16442e-05
225 1.00008 1.00001 8.12811e-05
226 1.00256 1.00002 8.17028e-05
227 1.00009 1.00002 8.13427e-05
228 1.00118 1.00003 8.11428e-05
229 1.00016 1.00003 8.07896e-05
230 1.00001 1.00003 8.04376e-05
231 0.998892 1.00002 8.02397e-05
232 1.00035 1.00003 7.99056e-05
233 0.999382 1.00002 7.96099e-05
234 0.999909 1.00002 7.92704e-05
235 0.999034 1.00002 7.90443e-05
236 1.00096 1.00002 7.88088e-05
237 0.999614 1.00002 7.84944e-05
238 1.00095 1.00002 7.82611e-05
239 1.00087 1.00003 7.80134e-05
240 1.00252 1.00004 7.83803e-05
241 0.999831 1.00004 7.80592e-05
242 1.0004 1.00004 7.77507e-05
243 0.99903 1.00003 7.75414e-05
244 1.00212 1.00004 7.76942e-05
245 1.00154 1.00005 7.76161e-05
246 1.00209 1.00006 7.77436e-05
247 0.99965 1.00006 7.74458e-05
248 0.997453 1.00005 7.78437e-05
249 1.00049 1.00005 7.75508e-05
250 1.00076 1.00005 7.72925e-05
251 0.999491 1.00005 7.70161e-05
252 0.998509 1.00004 7.69527e-05
253 1.002 1.00005 7.70388e-05
254 0.999476 1.00005 7.67682e-05
255 1.0023 1.00006 7.69734e-05
256 1.00028 1.00006 7.66771e-05
257 1.0001 1.00006 7.63783e-05
258 1.00048 1.00006 7.60995e-05
259 1.00012 1.00006 7.58055e-05
260 1.00188 1.00007 7.58387e-05
261 0.999956 1.00007 7.55488e-05
262 1.00249 1.00007 7.58244e-05
263 1.00004 1.00007 7.55357e-05
264 1.00127 1.00008 7.53858e-05
265 1.00223 1.00009 7.55391e-05
266 0.998356 1.00008 7.55356e-05
267 1 1.00008 7.52528e-05
268 0.999486 1.00008 7.50043e-05
269 0.998201 1.00007 7.50502e-05
270 1.00068 1.00007 7.48058e-05
271 0.999499 1.00007 7.45594e-05
272 1.00174 1.00008 7.45361e-05
273 0.998728 1.00007 7.44269e-05
274 1.00042 1.00007 7.41653e-05
275 1.00169 1.00008 7.41298e-05
276 1.00202 1.00009 7.41945e-05
277 0.99915 1.00008 7.40035e-05
278 1.00183 1.00009 7.40028e-05
279 1.00267 1.0001 7.43155e-05
280 0.99999 1.0001 7.40507e-05
281 0.997947 1.00009 7.4183e-05
282 1.00101 1.00009 7.39912e-05
283 0.999735 1.00009 7.37402e-05
284 0.999046 1.00009 7.35726e-05
285 0.999327 1.00009 7.33628e-05
286 1.00081 1.00009 7.31498e-05
287 0.998658 1.00008 7.30648e-05
288 1.00025 1.00008 7.28128e-05
289 0.99791 1.00008 7.29495e-05
290 0.999531 1.00008 7.27219e-05
291 1.00048 1.00008 7.24848e-05
292 1.00049 1.00008 7.22501e-05
293 1.00062 1.00008 7.20265e-05
294 1.00257 1.00009 7.22806e-05
295 0.999187 1.00009 7.20999e-05
296 0.999047 1.00008 7.19415e-05
297 1.00105 1.00009 7.1773e-05
298 1.00046 1.00009 7.15426e-05
299 1.00229 1.00009 7.16838e-05
300 0.999786 1.00009 7.14518e-05
301 0.999098 1.00009 7.12906e-05
302 1.00187 1.0001 7.1298e-05
303 1.00086 1.0001 7.1107e-05
304 0.999595 1.0001 7.0892e-05
305 0.997919 1.00009 7.1019e-05
306 1.00075 1.00009 7.0819e-05
307 1.00384 1.0001 7.16347e-05
308 1.00015 1.0001 7.14019e-05
309 0.998724 1.0001 7.13103e-05
310 1.00004 1.0001 7.10802e-05
311 1.00126 1.0001 7.09495e-05
312 1.00319 1.00011 7.14101e-05
313 1.00219 1.00012 7.14899e-05
314 0.998449 1.00011 7.146e-05
315 0.998458 1.00011 7.14266e-05
316 0.997191 1.0001 7.17963e-05
317 1.00132 1.0001 7.16731e-05
318 0.997553 1.0001 7.1896e-05
319 0.999866 1.00009 7.16738e-05
320 1.00054 1.0001 7.14633e-05
321 1.00099 1.0001 7.12953e-05
322 0.999837 1.0001 7.10782e-05
323 0.999635 1.0001 7.08722e-05
324 1.00068 1.0001 7.06758e-05
325 0.999562 1.0001 7.04773e-05
326 0.999414 1.00009 7.0292e-05
327 0.998574 1.00009 7.02308e-05
328 0.997665 1.00008 7.04055e-05
329 0.997691 1.00008 7.05665e-05
330 0.998979 1.00007 7.04307e-05
331 1.00228 1.00008 7.05326e-05
332 0.999071 1.00008 7.03852e-05
333 1.00258 1.00008 7.05767e-05
334 1.00183 1.00009 7.05583e-05
335 0.998739 1.00008 7.04625e-05
336 0.998568 1.00008 7.03971e-05
337 1.00074 1.00008 7.02153e-05
338 0.997479 1.00007 7.04295e-05
339 1.00096 1.00008 7.02698e-05
340 0.999059 1.00007 7.01267e-05
341 1.00196 1.00008 7.01383e-05
342 0.998661 1.00007 7.00558e-05
343 0.999572 1.00007 6.98666e-05
344 0.998459 1.00007 6.9821e-05
345 1.00066 1.00007 6.96391e-05
346 0.999766 1.00007 6.94431e-05
347 1.00018 1.00007 6.92435e-05
348 1.00095 1.00007 6.9091e-05
349 0.999473 1.00007 6.89141e-05
350 1.00033 1.00007 6.87209e-05
351 0.998188 1.00007 6.87345e-05
352 1.00203 1.00007 6.87666e-05
353 0.998797 1.00007 6.86666e-05
354 1.00164 1.00007 6.8617e-05
355 0.997575 1.00007 6.87843e-05
356 1.00123 1.00007 6.86687e-05
357 1.00205 1.00007 6.87011e-05
358 0.998381 1.00007 6.8672e-05
359 1.00212 1.00008 6.87171e-05
360 0.998196 1.00007 6.87245e-05
361 0.997932 1.00006 6.87892e-05
362 1.00053 1.00007 6.8611e-05
363 0.99732 1.00006 6.88386e-05
364 0.999324 1.00006 6.86788e-05
365 1.00115 1.00006 6.85559e-05
366 1.00236 1.00007 6.86574e-05
367 0.999087 1.00006 6.8522e-05
368 0.999897 1.00006 6.8337e-05
369 0.998957 1.00006 6.82174e-05
370 0.999465 1.00006 6.80517e-05
371 1.00003 1.00006 6.78681e-05
372 1.00128 1.00006 6.77646e-05
373 1.00092 1.00006 6.7622e-05
374 0.999733 1.00006 6.74467e-05
375 0.997362 1.00005 6.76509e-05
376 0.998135 1.00005 6.76636e-05
377 0.997906 1.00004 6.77229e-05
378 0.99984 1.00004 6.75457e-05
379 0.999228 1.00004 6.74016e-05
380 1.00067 1.00004 6.72446e-05
381 1.00205 1.00005 6.72736e-05
382 0.99866 1.00004 6.71956e-05
383 1.00073 1.00005 6.70437e-05
384 1.00092 1.00005 6.69074e-05
385 1.00059 1.00005 6.67483e-05
386 0.999874 1.00005 6.65767e-05
387 0.99986 1.00005 6.64063e-05
388 1.00256 1.00006 6.65515e-05
389 0.999494 1.00005 6.63959e-05
390 0.997962 1.00005 6.64424e-05
391 1.00168 1.00005 6.64029e-05
392 0.99757 1.00005 6.65355e-05
393 1.00176 1.00005 6.65095e-05
394 0.999528 1.00005 6.63537e-05
395 0.999977 1.00005 6.61857e-05
396 0.997728 1.00004 6.62781e-05
397 1.00094 1.00005 6.61495e-05
398 1.00292 1.00005 6.63775e-05
399 0.998248 1.00005 6.63653e-05
400 0.999975 1.00005 6.61994e-05
401 1.00016 1.00005 6.60348e-05
402 0.997967 1.00004 6.60735e-05
403 1.00171 1.00005 6.60397e-05
404 0.998551 1.00004 6.59801e-05
405 1.00094 1.00005 6.58541e-05
406 0.998292 1.00004 6.58337e-05
407 1.00031 1.00004 6.56749e-05
408 1.00125 1.00005 6.55806e-05
409 0.998722 1.00004 6.55e-05
410 0.999574 1.00004 6.53501e-05
411 0.99892 1.00004 6.52479e-05
412 1.00018 1.00004 6.50903e-05
413 0.999573 1.00004 6.49423e-05
414 0.998211 1.00003 6.49352e-05
415 1.00045 1.00003 6.47864e-05
416 0.999518 1.00003 6.46424e-05
417 0.999771 1.00003 6.44902e-05
418 1.00089 1.00003 6.43684e-05
419 0.998324 1.00003 6.43443e-05
420 1.00086 1.00003 6.42216e-05
421 1.00098 1.00003 6.41085e-05
422 1.00077 1.00004 6.39801e-05
423 1.0007 1.00004 6.3848e-05
424 0.999606 1.00004 6.37054e-05
425 1.0014 1.00004 6.3636e-05
426 0.999226 1.00004 6.35152e-05
427 0.998057 1.00003 6.35358e-05
428 0.998726 1.00003 6.34607e-05
429 0.99731 1.00002 6.36293e-05
430 1.00052 1.00003 6.34917e-05
431 0.999836 1.00002 6.33457e-05
432 0.998696 1.00002 6.32737e-05
433 0.999994 1.00002 6.31274e-05
434 0.999399 1.00002 6.29982e-05
435 1.00077 1.00002 6.28766e-05
436 1.00153 1.00003 6.28274e-05
437 0.999846 1.00002 6.26848e-05
438 1.00134 1.00003 6.26131e-05
439 0.997799 1.00002 6.26763e-05
440 1.0004 1.00002 6.25396e-05
441 0.99864 1.00002 6.24764e-05
442 0.999095 1.00002 6.23701e-05
443 0.999562 1.00002 6.22376e-05
444 1.00068 1.00002 6.21151e-05
445 1.00135 1.00002 6.20475e-05
446 1.00138 1.00002 6.19835e-05
447 0.99754 1.00002 6.20941e-05
448 0.999505 1.00002 6.1966e-05
449 0.999268 1.00002 6.18504e-05
450 1.00033 1.00002 6.17168e-05
451 1.0009 1.00002 6.1611e-05
452 0.999676 1.00002 6.14792e-05
453 1.00103 1.00002 6.13838e-05
454 1.00021 1.00002 6.12499e-05
455 0.99931 1.00002 6.11351e-05
456 1.00166 1.00002 6.11066e-05
457 0.99798 1.00002 6.11364e-05
458 1.00054 1.00002 6.10135e-05
459 1.00007 1.00002 6.08806e-05
460 0.998514 1.00002 6.08362e-05
461 1.00243 1.00002 6.09295e-05
462 0.998973 1.00002 6.08399e-05
463 0.9994 1.00002 6.07231e-05
464 1.00046 1.00002 6.05995e-05
465 0.999962 1.00002 6.04691e-05
466 0.999898 1.00002 6.03398e-05
467 0.999084 1.00002 6.02437e-05
468 0.998952 1.00001 6.01579e-05
469 0.999048 1.00001 6.00648e-05
470 1.00019 1.00001 5.99381e-05
471 1.0004 1.00001 5.98163e-05
472 0.999382 1.00001 5.97044e-05
473 0.999631 1.00001 5.95835e-05
474 1.00135 1.00001 5.95246e-05
475 0.999682 1.00001 5.94032e-05
476 0.998257 1.00001 5.93931e-05
477 0.999066 1.00001 5.93015e-05
478 1.00048 1.00001 5.91854e-05
479 1.00134 1.00001 5.91273e-05
480 1.00026 1.00001 5.90062e-05
481 1.00078 1.00001 5.89051e-05
482 1.00052 1.00001 5.87922e-05
483 0.995923 1.00001 5.92789e-05
484 1.00135 1.00001 5.92211e-05
485 1.00028 1.00001 5.91015e-05
486 0.996945 1 5.9316e-05
487 1.00209 1.00001 5.93493e-05
488 1.00263 1.00001 5.9471e-05
489 0.999195 1.00001 5.93729e-05
490 1.00051 1.00001 5.92604e-05
491 1.00074 1.00001 5.91584e-05
492 1.00002 1.00001 5.9038e-05
493 0.996926 1.00001 5.92502e-05
494 0.99861 1 5.91978e-05
495 0.998788 1 5.91292e-05
496 1.00001 1 5.90099e-05
497 1.00133 1.00001 5.89516e-05
498 0.999878 1 5.88336e-05
499 0.99912 1 5.87423e-05
500 0.998919 1 5.86648e-05
501 0.999985 1 5.85476e-05
502 1.00267 1.00001 5.86725e-05
503 0.999358 1 5.85699e-05
504 1.00017 1.00001 5.84545e-05
505 1.00098 1.00001 5.83707e-05
506 1.0015 1.00001 5.83301e-05
507 0.999799 1.00001 5.82165e-05
508 0.998814 1.00001 5.81494e-05
509 1.00001 1.00001 5.80351e-05
510 1.0003 1.00001 5.7924e-05
511 0.999031 1.00001 5.78421e-05
512 0.999403 1 5.77411e-05
513 1.00038 1.00001 5.76331e-05
514 0.997773 1 5.76846e-05
515 1.00099 1 5.76048e-05
516 0.99778 0.999999 5.76543e-05
517 0.998194 0.999995 5.76485e-05
518 1.00052 0.999996 5.75459e-05
519 1.00247 1 5.76325e-05
520 1.00005 1 5.75217e-05
521 1.00057 1 5.74216e-05
522 1.00237 1.00001 5.74902e-05
523 0.998487 1 5.74537e-05
524 0.999549 1 5.73505e-05
525 0.997162 0.999998 5.74964e-05
526 0.998837 0.999996 5.74294e-05
527 0.99975 0.999995 5.73222e-05
528 1.00207 0.999999 5.73482e-05
529 1.00113 1 5.72796e-05
530 0.999791 1 5.71728e-05
531 0.997855 0.999997 5.7208e-05
532 1.00055 0.999998 5.711e-05
533 1.00118 1 5.7046e-05
534 1.00205 1 5.70683e-05
535 0.997046 0.999998 5.72293e-05
536 0.998422 0.999995 5.7198e-05
537 1.00198 0.999999 5.72108e-05
538 1.00188 1 5.72117e-05
539 0.999975 1 5.71055e-05
540 1.0021 1.00001 5.71315e-05
541 0.998632 1 5.70823e-05
542 0.998515 1 5.70431e-05
543 1.0006 1 5.69485e-05
544 1.00099 1 5.68725e-05
545 0.999976 1 5.67681e-05
546 1.00001 1 5.6664e-05
547 1.00135 1.00001 5.66138e-05
548 1.0003 1.00001 5.65128e-05
549 0.997545 1 5.65877e-05
550 0.999012 1 5.65134e-05
551 0.999035 0.999999 5.6438e-05
552 0.999543 0.999998 5.63417e-05
553 1.0006 0.999999 5.62503e-05
554 0.998643 0.999997 5.6202e-05
555 0.998963 0.999995 5.61316e-05
556 1.00058 0.999996 5.60404e-05
557 0.999984 0.999996 5.59397e-05
558 0.997635 0.999992 5.59995e-05
559 1.00164 0.999995 5.59771e-05
560 0.99909 0.999993 5.59004e-05
561 0.999208 0.999992 5.58182e-05
562 0.998542 0.999989 5.57785e-05
563 1.00147 0.999992 5.57417e-05
564 1.00186 0.999995 5.57415e-05
565 0.999087 0.999993 5.5666e-05
566 1.00071 0.999995 5.55819e-05
567 1.00268 0.999999 5.56854e-05
568 1.00098 1 5.56142e-05
569 1.00038 1 5.55205e-05
570 0.997812 0.999998 5.5556e-05
571 0.998788 0.999996 5.5499e-05
572 0.996269 0.999989 5.57838e-05
573 0.999576 0.999989 5.5691e-05
574 1.00107 0.99999 5.5626e-05
575 0.999026 0.999989 5.55545e-05
576 0.999144 0.999987 5.54774e-05
577 0.999433 0.999986 5.53895e-05
578 1.00034 0.999987 5.52969e-05
579 0.998104 0.999984 5.52971e-05
580 1.00001 0.999984 5.52017e-05
581 0.999016 0.999982 5.51317e-05
582 1.00078 0.999983 5.50541e-05
583 0.998755 0.999981 5.49999e-05
584 1.00086 0.999983 5.49261e-05
585 1.00018 0.999983 5.48332e-05
586 1.00044 0.999984 5.47452e-05
587 0.99982 0.999984 5.46525e-05
588 0.99902 0.999982 5.45841e-05
589 1.00224 0.999986 5.46263e-05
590 1.00029 0.999986 5.45361e-05
591 1.00086 0.999988 5.44639e-05
592 0.999485 0.999987 5.43785e-05
593 0.998731 0.999985 5.4328e-05
594 0.999854 0.999985 5.42369e-05
595 1.00131 0.999987 5.41916e-05
596 0.9986 0.999985 5.41506e-05
597 1.00041 0.999985 5.40645e-05
598 0.999139 0.999984 5.39925e-05
599 0.998849 0.999982 5.39356e-05
600 1.0002 0.999982 5.38469e-05
601 1.00231 0.999986 5.38962e-05
602 0.999817 0.999986 5.38073e-05
603 1.00214 0.99999 5.38366e-05
604 0.999904 0.999989 5.37476e-05
605 0.999761 0.999989 5.366e-05
606 1.00015 0.999989 5.35721e-05
607 0.99871 0.999987 5.35252e-05
608 1.00226 0.999991 5.35682e-05
609 1.00017 0.999991 5.3481e-05
610 1.00116 0.999993 5.34274e-05
611 0.999799 0.999993 5.33408e-05
612 0.999951 0.999993 5.32537e-05
613 0.995517 0.999985 5.36656e-05
614 1.00311 0.999991 5.38196e-05
615 0.999765 0.99999 5.37332e-05
616 0.996443 0.999984 5.39541e-05
617 1.00003 0.999984 5.38666e-05
618 1.00055 0.999985 5.37871e-05
619 0.999983 0.999985 5.37002e-05
620 0.998919 0.999984 5.3641e-05
621 0.998601 0.999981 5.36009e-05
622 1.00054 0.999982 5.35223e-05
623 0.99833 0.99998 5.35021e-05
624 1.00111 0.999981 5.3447e-05
625 1.00081 0.999983 5.33781e-05
626 0.998086 0.99998 5.33788e-05
627 0.999826 0.99998 5.32942e-05
628 1.00025 0.99998 5.3211e-05
629 0.999808 0.99998 5.31271e-05
630 0.998769 0.999978 5.30775e-05
631 0.997628 0.999974 5.31239e-05
632 0.999181 0.999973 5.30546e-05
633 0.999436 0.999972 5.29776e-05
634 1.00168 0.999975 5.29629e-05
635 1.00205 0.999978 5.29805e-05
636 1.00086 0.999979 5.29152e-05
637 1.00025 0.99998 5.28338e-05
638 1.00002 0.99998 5.2751e-05
639 0.998455 0.999977 5.27223e-05
640 1.00057 0.999978 5.26481e-05
641 0.998057 0.999975 5.26513e-05
642 1.0003 0.999976 5.25717e-05
643 0.998118 0.999973 5.25693e-05
644 0.999327 0.999972 5.24972e-05
645 1.00112 0.999974 5.24462e-05
646 1.00057 0.999975 5.23731e-05
647 0.999762 0.999974 5.22931e-05
648 1.00252 0.999978 5.23601e-05
649 0.999959 0.999978 5.22794e-05
650 1.00108 0.99998 5.22265e-05
651 0.99966 0.999979 5.21485e-05
652 0.999719 0.999979 5.207e-05
653 0.999371 0.999978 5.19985e-05
654 1.0008 0.999979 5.1934e-05
655 1.00011 0.99998 5.1855e-05
656 1.0001 0.99998 5.17763e-05
657 1.00046 0.99998 5.17025e-05
658 1.0007 0.999982 5.16353e-05
659 0.997727 0.999978 5.16703e-05
660 1.00217 0.999981 5.16985e-05
661 0.999167 0.99998 5.1635e-05
662 1.00073 0.999981 5.15694e-05
663 1.00077 0.999983 5.15053e-05
664 0.999235 0.999981 5.144e-05
665 1.00345 0.999987 5.16269e-05
666 0.997666 0.999983 5.16669e-05
667 1.0014 0.999985 5.16333e-05
668 0.998793 0.999983 5.15868e-05
669 0.999345 0.999983 5.15185e-05
670 1.00132 0.999985 5.14805e-05
671 1.0004 0.999985 5.14075e-05
672 0.999708 0.999985 5.13326e-05
673 0.999666 0.999984 5.12584e-05
674 1.00039 0.999985 5.11858e-05
675 0.999633 0.999984 5.11126e-05
676 1.00181 0.999987 5.11084e-05
677 0.998539 0.999985 5.10777e-05
678 0.998092 0.999982 5.10786e-05
679 0.999139 0.999981 5.10184e-05
680 0.998727 0.999979 5.09767e-05
681 0.99907 0.999978 5.09193e-05
682 0.999949 0.999978 5.08446e-05
683 0.998943 0.999976 5.07927e-05
684 1.00071 0.999977 5.07297e-05
685 1.00284 0.999981 5.08281e-05
686 1.00104 0.999983 5.07776e-05
687 0.999114 0.999982 5.07194e-05
688 0.997122 0.999978 5.08159e-05
689 1.00112 0.999979 5.0769e-05
690 1.00027 0.99998 5.06972e-05
691 0.999725 0.999979 5.06251e-05
692 0.9999 0.999979 5.0552e-05
693 1.00289 0.999983 5.06535e-05
694 1.00028 0.999984 5.05823e-05
695 1.00122 0.999986 5.0541e-05
696 1.00086 0.999987 5.0484e-05
697 1.00008 0.999987 5.04116e-05
698 0.99755 0.999983 5.04603e-05
699 0.999644 0.999983 5.03904e-05
700 1.00145 0.999985 5.0362e-05
701 0.998728 0.999983 5.03221e-05
702 0.999534 0.999983 5.02544e-05
703 1.00293 0.999987 5.03578e-05
704 1.00029 0.999987 5.02881e-05
705 1.00091 0.999989 5.02336e-05
706 0.99771 0.999985 5.02662e-05
707 1.00153 0.999988 5.02428e-05
708 1.00102 0.999989 5.01931e-05
709 0.999962 0.999989 5.01222e-05
710 1.00245 0.999992 5.01711e-05
711 0.998983 0.999991 5.01206e-05
712 0.999507 0.99999 5.00548e-05
713 0.997838 0.999987 5.00756e-05
714 1.00124 0.999989 5.00361e-05
715 1.00211 0.999992 5.00543e-05
716 0.999746 0.999992 4.99856e-05
717 0.999304 0.999991 4.9925e-05
718 0.999125 0.999989 4.987e-05
719 0.99859 0.999988 4.98386e-05
720 1.00099 0.999989 4.97887e-05
721 1.00056 0.99999 4.97259e-05
722 1.00107 0.999991 4.96796e-05
723 0.999344 0.99999 4.96189e-05
724 0.999838 0.99999 4.95508e-05
725 1.00026 0.99999 4.94838e-05
726 1.00061 0.999991 4.9423e-05
727 0.999668 0.999991 4.9357e-05
728 1.00025 0.999991 4.92904e-05
729 0.998421 0.999989 4.92699e-05
730 0.999404 0.999988 4.92088e-05
731 1.00172 0.999991 4.91987e-05
732 1.00042 0.999991 4.91349e-05
733 0.999808 0.999991 4.90685e-05
734 1.00109 0.999992 4.90246e-05
735 0.996686 0.999988 4.91641e-05
736 0.999085 0.999987 4.91125e-05
737 1.00118 0.999988 4.90724e-05
738 1.00337 0.999993 4.9219e-05
739 0.998736 0.999991 4.91818e-05
740 1.00136 0.999993 4.915e-05
741 1.0011 0.999995 4.91063e-05
742 0.997102 0.999991 4.91948e-05
743 1.00038 0.999991 4.91313e-05
744 0.997341 0.999988 4.91943e-05
745 0.999518 0.999987 4.91323e-05
746 0.999199 0.999986 4.90778e-05
747 1.00076 0.999987 4.90231e-05
748 0.999597 0.999986 4.89602e-05
749 1 0.999987 4.88948e-05
750 0.999068 0.999985 4.8845e-05
751 1.00201 0.999988 4.88545e-05
752 0.999058 0.999987 4.88051e-05
753 0.998488 0.999985 4.87809e-05
754 1.00038 0.999985 4.87189e-05
755 0.998982 0.999984 4.86725e-05
756 1.00103 0.999985 4.86279e-05
757 1.00084 0.999986 4.85768e-05
758 0.998991 0.999985 4.85305e-05
759 0.999239 0.999984 4.84765e-05
760 0.999853 0.999984 4.84129e-05
761 1.00334 0.999988 4.85496e-05
762 1.00287 0.999992 4.86331e-05
763 0.998989 0.999991 4.85871e-05
764 1.0023 0.999994 4.86174e-05
765 0.999309 0.999993 4.8562e-05
766 0.998532 0.999991 4.85361e-05
767 1.00066 0.999992 4.84805e-05
768 1.00252 0.999995 4.85294e-05
769 1.00071 0.999996 4.84752e-05
770 0.998111 0.999994 4.84741e-05
771 0.999526 0.999993 4.8415e-05
772 0.998844 0.999992 4.83751e-05
773 1.00089 0.999993 4.83266e-05
774 0.998508 0.999991 4.83022e-05
775 1.00139 0.999993 4.82738e-05
776 0.997804 0.99999 4.82939e-05
777 0.998096 0.999987 4.82933e-05
778 1.00196 0.99999 4.82981e-05
779 1.00032 0.99999 4.82379e-05
780 0.998863 0.999989 4.81977e-05
781 1.00101 0.99999 4.81536e-05
782 1.00127 0.999992 4.81198e-05
783 1.00013 0.999992 4.80586e-05
784 0.999251 0.999991 4.80066e-05
785 1.0013 0.999993 4.79743e-05
786 0.997358 0.999989 4.80303e-05
787 0.999947 0.999989 4.79693e-05
788 1.00085 0.99999 4.79207e-05
789 0.998119 0.999988 4.79187e-05
790 1.00081 0.999989 4.78694e-05
791 1.00139 0.999991 4.78418e-05
792 1.00179 0.999993 4.78352e-05
793 1.00058 0.999994 4.77806e-05
794 0.999596 0.999993 4.7723e-05
795 1.00072 0.999994 4.76718e-05
796 0.999246 0.999993 4.76212e-05
797 1.00083 0.999994 4.7573e-05
798 1.00126 0.999996 4.75396e-05
799 0.999752 0.999996 4.74811e-05
800 0.998291 0.999994 4.74696e-05
801 1.0002 0.999994 4.7411e-05
802 1.00185 0.999996 4.74081e-05
803 1.00042 0.999997 4.7352e-05
804 0.999129 0.999996 4.73054e-05
805 1.00003 0.999996 4.72466e-05
806 1.00191 0.999998 4.72474e-05
807 0.998868 0.999997 4.72096e-05
808 0.998851 0.999995 4.71725e-05
809 1.00211 0.999998 4.71868e-05
810 1.00041 0.999998 4.71313e-05
811 1.00242 1 4.71681e-05
812 0.999355 1 4.71167e-05
813 0.998516 0.999999 4.70941e-05
814 1.0006 0.999999 4.70421e-05
815 0.998944 0.999998 4.70022e-05
816 0.999337 0.999997 4.69516e-05
817 1.00155 0.999999 4.69324e-05
818 1.00091 1 4.68883e-05
819 1.00023 1 4.68319e-05
820 0.999284 1 4.67829e-05
821 1.00115 1 4.67468e-05
822 0.998178 0.999999 4.67426e-05
823 0.999917 0.999999 4.66858e-05
824 1.0009 1 4.66418e-05
825 1.00018 1 4.65858e-05
826 1.00322 1 4.66921e-05
827 1.00184 1.00001 4.66885e-05
828 1.00151 1.00001 4.66676e-05
829 1.00179 1.00001 4.66607e-05
830 1.00082 1.00001 4.66148e-05
831 1.00094 1.00001 4.65722e-05
832 0.998078 1.00001 4.65742e-05
833 1.0017 1.00001 4.65624e-05
834 1.00213 1.00001 4.65757e-05
835 1.00179 1.00002 4.65686e-05
836 1.00023 1.00002 4.65136e-05
837 0.997478 1.00001 4.65569e-05
838 1.00108 1.00002 4.65186e-05
839 1.00388 1.00002 4.66903e-05
840 1.00066 1.00002 4.6641e-05
841 0.997877 1.00002 4.66552e-05
842 1.00063 1.00002 4.66054e-05
843 0.997304 1.00002 4.66613e-05
844 0.998295 1.00001 4.66506e-05
845 0.998476 1.00001 4.66309e-05
846 1.00149 1.00001 4.66085e-05
847 1.00018 1.00001 4.65539e-05
848 1.00114 1.00001 4.65178e-05
849 1.00081 1.00002 4.64725e-05
850 1.00034 1.00002 4.64193e-05
851 0.999156 1.00002 4.63758e-05
852 1.00186 1.00002 4.6372e-05
853 1.00061 1.00002 4.63227e-05
854 0.999411 1.00002 4.62739e-05
855 1.00016 1.00002 4.62201e-05
856 1.00008 1.00002 4.61661e-05
857 0.999683 1.00002 4.61139e-05
858 1.00171 1.00002 4.61024e-05
859 1.00026 1.00002 4.60496e-05
860 0.999424 1.00002 4.60012e-05
861 0.999263 1.00002 4.59561e-05
862 0.999265 1.00002 4.59111e-05
863 1.00027 1.00002 4.58588e-05
864 1.0015 1.00002 4.58379e-05
865 1.00002 1.00002 4.57848e-05
866 1.00408 1.00002 4.5972e-05
867 1.00119 1.00003 4.59388e-05
868 1.0017 1.00003 4.59262e-05
869 1.00247 1.00003 4.59596e-05
870 1.00013 1.00003 4.59069e-05
871 1.00123 1.00003 4.58748e-05
872 0.998463 1.00003 4.58574e-05
873 1.00027 1.00003 4.58057e-05
874 1.00094 1.00003 4.57652e-05
875 0.99983 1.00003 4.57134e-05
876 1.00023 1.00003 4.56618e-05
877 0.998501 1.00003 4.56431e-05
878 0.999372 1.00003 4.55972e-05
879 0.998185 1.00003 4.55936e-05
880 1.00158 1.00003 4.55757e-05
881 0.998301 1.00003 4.55662e-05
882 1.00097 1.00003 4.5527e-05
883 1.00124 1.00003 4.54962e-05
884 1.00003 1.00003 4.54447e-05
885 1.00048 1.00003 4.53962e-05
886 1.00255 1.00003 4.54338e-05
887 0.997893 1.00003 4.54466e-05
888 1.00075 1.00003 4.54027e-05
889 0.999785 1.00003 4.53524e-05
890 0.998123 1.00003 4.53521e-05
891 0.999369 1.00003 4.53072e-05
892 1.00067 1.00003 4.52621e-05
893 1.00264 1.00003 4.5306e-05
894 0.999969 1.00003 4.52554e-05
895 0.999319 1.00003 4.52118e-05
896 1.00237 1.00003 4.52367e-05
897 0.999877 1.00003 4.51865e-05
898 0.999456 1.00003 4.51407e-05
899 0.999921 1.00003 4.50907e-05
900 1.00037 1.00003 4.50421e-05
901 1.0016 1.00003 4.50258e-05
902 0.997624 1.00003 4.50551e-05
903 1.00173 1.00003 4.50442e-05
904 1.00009 1.00003 4.49944e-05
905 1.00158 1.00003 4.49772e-05
906 1.00263 1.00004 4.50191e-05
907 0.999017 1.00004 4.49835e-05
908 1.00147 1.00004 4.49615e-05
909 1.0007 1.00004 4.49179e-05
910 1.00084 1.00004 4.48773e-05
911 1.00213 1.00004 4.48869e-05
912 1.0004 1.00004 4.48394e-05
913 0.998038 1.00004 4.4844e-05
914 1.00095 1.00004 4.4806e-05
915 1.00113 1.00004 4.47727e-05
916 0.999063 1.00004 4.47366e-05
917 0.997809 1.00004 4.4754e-05
918 1.00059 1.00004 4.47093e-05
919 1.00144 1.00004 4.46868e-05
920 0.998732 1.00004 4.46608e-05
921 0.998835 1.00004 4.46315e-05
922 0.998227 1.00004 4.46263e-05
923 1.00101 1.00004 4.45903e-05
924 1.00064 1.00004 4.45468e-05
925 0.999107 1.00004 4.451e-05
926 1.00052 1.00004 4.4465e-05
927 0.997886 1.00004 4.44776e-05
928 0.999749 1.00003 4.44307e-05
929 1.00003 1.00003 4.43828e-05
930 1.00221 1.00004 4.43965e-05
931 1.00205 1.00004 4.44015e-05
932 1.00072 1.00004 4.43599e-05
933 1.00302 1.00004 4.4427e-05
934 1.00168 1.00005 4.4414e-05
935 1.00034 1.00005 4.43676e-05
936 1.00029 1.00005 4.4321e-05
937 0.998694 1.00004 4.42971e-05
938 0.998794 1.00004 4.42699e-05
939 0.998743 1.00004 4.42444e-05
940 0.999916 1.00004 4.41975e-05
941 0.99897 1.00004 4.41652e-05
942 0.99842 1.00004 4.41518e-05
943 0.998286 1.00004 4.41441e-05
944 0.999762 1.00004 4.40983e-05
945 0.999631 1.00004 4.40537e-05
946 1.00142 1.00004 4.40316e-05
947 0.997357 1.00003 4.4076e-05
948 1.00199 1.00004 4.40779e-05
949 1.00178 1.00004 4.40696e-05
950 0.999838 1.00004 4.40237e-05
951 1.00287 1.00004 4.40777e-05
952 0.997625 1.00004 4.41045e-05
953 1.00015 1.00004 4.40583e-05
954 1.00035 1.00004 4.40134e-05
955 1.00224 1.00004 4.40277e-05
956 1.00194 1.00004 4.40264e-05
957 1.00052 1.00004 4.39832e-05
958 0.998317 1.00004 4.39743e-05
959 0.999838 1.00004 4.39289e-05
960 0.999776 1.00004 4.3884e-05
961 1.00079 1.00004 4.38451e-05
962 1.00144 1.00004 4.38235e-05
963 1.00119 1.00004 4.37941e-05
964 0.999191 1.00004 4.37576e-05
965 0.998695 1.00004 4.37345e-05
966 1.00242 1.00005 4.37587e-05
967 1.0004 1.00005 4.3715e-05
968 0.998682 1.00004 4.36926e-05
969 1.00123 1.00005 4.36646e-05
970 1.00103 1.00005 4.36314e-05
971 1.00024 1.00005 4.35869e-05
972 0.999802 1.00005 4.35428e-05
973 1.00034 1.00005 4.3499e-05
974 1.00064 1.00005 4.34587e-05
975 1.00126 1.00005 4.34318e-05
976 1.00005 1.00005 4.33873e-05
977 1.00079 1.00005 4.33496e-05
978 1.00048 1.00005 4.33074e-05
979 0.999809 1.00005 4.32639e-05
980 0.999345 1.00005 4.32257e-05
981 0.998278 1.00005 4.32193e-05
982 0.995983 1.00004 4.33732e-05
983 1.00222 1.00004 4.33854e-05
984 1.00067 1.00005 4.33459e-05
985 1.00036 1.00005 4.3303e-05
986 0.999576 1.00005 4.32617e-05
987 1 1.00005 4.32179e-05
988 0.998795 1.00004 4.31927e-05
989 1.00067 1.00004 4.31536e-05
990 1.00033 1.00005 4.31109e-05
991 0.998313 1.00004 4.31028e-05
992 0.997838 1.00004 4.31167e-05
993 0.998868 1.00004 4.30894e-05
994 1.00016 1.00004 4.30462e-05
995 0.999388 1.00004 4.30079e-05
996 1.00089 1.00004 4.29733e-05
997 0.99981 1.00004 4.29308e-05
998 1.00067 1.00004 4.28924e-05
999 1.00122 1.00004 4.28656e-05
1000 1.00084 1.00004 4.28301e-05
