# Monte Carlo estimation of the integral using uniform sampling in [0,1)
# Total number of throws: M = 10000000
# Number of blocks: N = 1000
# Throws per block: L = 10000
# Columns:
# 1) block index
# 2) I estimate in the block
# 3) progressive mean of I
# 4) progressive statistical uncertainty

1 0.997939 0.997939 0
2 0.993163 0.995551 0.00238771
3 1.00722 0.999441 0.00412719
4 0.997056 0.998845 0.00297865
5 0.990179 0.997112 0.00288568
6 0.992251 0.996302 0.00249151
7 0.994253 0.996009 0.00212596
8 0.999085 0.996393 0.00188084
9 1.0049 0.997339 0.00190912
10 0.997153 0.99732 0.00170767
11 1.003 0.997836 0.0016287
12 1.00211 0.998193 0.00152892
13 0.993088 0.9978 0.00146019
14 1.00022 0.997973 0.0013629
15 1.00033 0.99813 0.00127845
16 1.00766 0.998726 0.00133601
17 0.996188 0.998576 0.00126381
18 1.00265 0.998803 0.00121284
19 0.99656 0.998685 0.00115329
20 0.993078 0.998404 0.00112944
21 0.995545 0.998268 0.00108291
22 1.00033 0.998362 0.00103677
23 1.00901 0.998825 0.00109355
24 0.994406 0.998641 0.00106306
25 0.991411 0.998352 0.00105987
26 1.00203 0.998493 0.00102806
27 0.986529 0.99805 0.00108396
28 0.989513 0.997745 0.00108812
29 0.996961 0.997718 0.00105028
30 0.998421 0.997742 0.00101493
31 0.998991 0.997782 0.000982476
32 1.00531 0.998017 0.000979903
33 1.00668 0.99828 0.000985372
34 1.00298 0.998418 0.000965891
35 1.00505 0.998607 0.000956812
36 0.994413 0.998491 0.000937124
37 0.995357 0.998406 0.000915371
38 1.00024 0.998454 0.000892262
39 0.993813 0.998335 0.000877192
40 1.00138 0.998411 0.000858359
41 0.997471 0.998388 0.000837476
42 0.996052 0.998333 0.000819183
43 1.0011 0.998397 0.000802483
44 1.00768 0.998608 0.000811915
45 0.990002 0.998417 0.000816382
46 1.00193 0.998493 0.000802075
47 1.00795 0.998694 0.000810183
48 1.01045 0.998939 0.000830054
49 1.00126 0.998986 0.000814314
50 0.99687 0.998944 0.000798984
51 1.00616 0.999085 0.000795846
52 0.997632 0.999057 0.000780891
53 1.00065 0.999088 0.000766607
54 1.00893 0.99927 0.000774044
55 0.994759 0.999188 0.000764253
56 0.99712 0.999151 0.00075139
57 1.00109 0.999185 0.000738874
58 0.998542 0.999174 0.000726108
59 0.99725 0.999141 0.000714439
60 1.0019 0.999187 0.00070393
61 1.00463 0.999276 0.00069803
62 1.00362 0.999346 0.000690238
63 1.00503 0.999437 0.00068516
64 1.00125 0.999465 0.000674961
65 1.00481 0.999547 0.000669565
66 1.00022 0.999557 0.000659422
67 1.00292 0.999608 0.000651436
68 0.993609 0.999519 0.000647819
69 1.00284 0.999568 0.000640176
70 0.992538 0.999467 0.000638906
71 0.999011 0.999461 0.000629876
72 0.997278 0.99943 0.000621805
73 0.999266 0.999428 0.000613232
74 0.997773 0.999406 0.000605302
75 0.998622 0.999395 0.000597268
76 0.998904 0.999389 0.000589392
77 1.00099 0.99941 0.00058206
78 1.00282 0.999453 0.000576211
79 1.00555 0.999531 0.000574079
80 0.998285 0.999515 0.000567072
81 0.999431 0.999514 0.000560028
82 1.00511 0.999582 0.000557346
83 1.00348 0.999629 0.00055259
84 1.00529 0.999696 0.00055011
85 1.00623 0.999773 0.000549
86 1.00382 0.99982 0.000544619
87 0.996079 0.999777 0.000540038
88 0.997685 0.999754 0.000534395
89 0.998213 0.999736 0.00052864
90 1.00532 0.999798 0.000526396
91 0.990132 0.999692 0.000531306
92 0.998691 0.999681 0.000525612
93 1.00601 0.999749 0.000524367
94 0.998502 0.999736 0.000518928
95 0.9973 0.99971 0.000514077
96 0.99047 0.999614 0.000517719
97 1.00449 0.999664 0.000514811
98 0.998676 0.999654 0.000509631
99 1.00373 0.999695 0.000506138
100 1.00116 0.99971 0.000501266
101 1.00387 0.999751 0.000497988
102 1.00304 0.999784 0.000494136
103 0.998041 0.999767 0.000489607
104 1.0001 0.99977 0.000484888
105 0.997597 0.999749 0.000480693
106 1.0098 0.999844 0.000485485
107 0.990001 0.999752 0.000489645
108 1.00856 0.999834 0.000491898
109 1.00721 0.999901 0.000492034
110 1.00236 0.999924 0.000488052
111 1.00304 0.999952 0.000484448
112 0.999707 0.999949 0.000480108
113 0.997588 0.999929 0.000476299
114 1.00272 0.999953 0.000472737
115 1.0012 0.999964 0.000468733
116 1.00711 1.00003 0.000468738
117 0.998399 1.00001 0.000464922
118 0.992682 0.999949 0.000465131
119 0.995541 0.999912 0.000462691
120 0.999819 0.999912 0.00045882
121 0.999382 0.999907 0.000455033
122 1.00335 0.999935 0.00045217
123 1.00375 0.999966 0.000449549
124 1.00365 0.999996 0.000446899
125 1.00132 1.00001 0.000443436
126 1.0042 1.00004 0.000441162
127 1.01057 1.00012 0.000445454
128 1.00392 1.00015 0.000442953
129 0.998061 1.00014 0.000439805
130 0.999765 1.00013 0.000436418
131 0.993025 1.00008 0.00043646
132 0.996788 1.00005 0.000433858
133 1.00002 1.00005 0.000430584
134 0.997547 1.00004 0.000427768
135 0.998435 1.00002 0.000424753
136 0.999428 1.00002 0.000421641
137 0.998818 1.00001 0.000418644
138 0.992721 0.999958 0.000418942
139 1.00098 0.999965 0.000415982
140 0.999088 0.999959 0.000413047
141 0.999327 0.999954 0.000410132
142 1.00216 0.99997 0.000407528
143 1.01054 1.00004 0.000411359
144 0.996022 1.00002 0.000409445
145 1.00633 1.00006 0.000408941
146 0.99996 1.00006 0.000406131
147 0.997487 1.00004 0.000403738
148 0.993603 0.999998 0.000403353
149 0.999928 0.999997 0.000400637
150 1.00698 1.00004 0.000400668
151 1.00442 1.00007 0.000399059
152 1.00115 1.00008 0.000396488
153 1.00611 1.00012 0.000395856
154 0.995983 1.00009 0.000394194
155 1.01025 1.00016 0.000397092
156 0.995719 1.00013 0.000395564
157 1.00143 1.00014 0.000393123
158 0.998768 1.00013 0.000390723
159 0.998571 1.00012 0.000388381
160 0.999122 1.00011 0.000385997
161 1.00042 1.00011 0.000383596
162 0.993534 1.00007 0.000383379
163 1.00483 1.0001 0.000382137
164 1.00714 1.00015 0.000382213
165 1.00497 1.00018 0.000381013
166 1.00508 1.00021 0.000379862
167 1.00074 1.00021 0.000377594
168 1.00193 1.00022 0.00037548
169 1.0023 1.00023 0.000373454
170 0.998259 1.00022 0.000371431
171 1.00065 1.00022 0.000369262
172 0.997204 1.0002 0.000367527
173 1.00557 1.00024 0.000366709
174 1.00237 1.00025 0.000364802
175 0.995764 1.00022 0.000363615
176 0.995268 1.00019 0.000362637
177 0.990252 1.00014 0.000364931
178 1.0025 1.00015 0.000363118
179 1.00511 1.00018 0.000362147
180 1.00169 1.00019 0.000360227
181 0.992189 1.00014 0.000360946
182 1.00499 1.00017 0.000359943
183 0.996256 1.00015 0.000358609
184 1.00662 1.00018 0.000358386
185 1.00035 1.00018 0.000356445
186 1.00516 1.00021 0.00035553
187 1.00242 1.00022 0.000353821
188 0.993569 1.00019 0.000353709
189 0.989159 1.00013 0.000356639
190 0.992597 1.00009 0.000356965
191 1.00625 1.00012 0.000356551
192 1.00163 1.00013 0.000354776
193 1.00013 1.00013 0.000352933
194 0.99767 1.00012 0.000351338
195 1.00379 1.00014 0.000350039
196 1.00484 1.00016 0.000349074
197 1.00109 1.00016 0.000347329
198 0.994708 1.00014 0.000346668
199 0.996558 1.00012 0.00034539
200 1.00398 1.00014 0.000344201
201 0.998632 1.00013 0.000342566
202 0.997361 1.00012 0.000341142
203 0.994554 1.00009 0.000340561
204 0.997596 1.00008 0.000339108
205 0.999942 1.00008 0.00033745
206 1.0031 1.00009 0.000336129
207 1.0039 1.00011 0.000335007
208 1.00142 1.00012 0.000333451
209 1.00201 1.00012 0.000331976
210 0.994558 1.0001 0.000331453
211 0.996626 1.00008 0.000330289
212 0.993133 1.00005 0.000330358
213 1.00647 1.00008 0.00033018
214 0.998457 1.00007 0.000328721
215 1.00181 1.00008 0.000327288
216 0.992467 1.00004 0.00032767
217 0.99919 1.00004 0.00032618
218 0.991391 1 0.000327096
219 1.00415 1.00002 0.00032615
220 1.0021 1.00003 0.000324802
221 1.00466 1.00005 0.000324007
222 0.998167 1.00004 0.000322656
223 1.00622 1.00007 0.0003224
224 1.00488 1.00009 0.000321676
225 0.992582 1.00006 0.000321977
226 1.00726 1.00009 0.000322129
227 0.995639 1.00007 0.000321306
228 0.991262 1.00003 0.000322217
229 0.997444 1.00002 0.000321006
230 1.00211 1.00003 0.000319736
231 0.99706 1.00002 0.000318608
232 1.00561 1.00004 0.000318147
233 0.997108 1.00003 0.000317028
234 1.00679 1.00006 0.000316991
235 1.00176 1.00006 0.000315723
236 0.995515 1.00004 0.000314972
237 0.997599 1.00003 0.00031381
238 1.00679 1.00006 0.000313774
239 0.994035 1.00004 0.000313475
240 1.0072 1.00007 0.000313587
241 0.988783 1.00002 0.000315774
242 0.995976 1 0.00031491
243 0.992034 0.999971 0.000315321
244 0.999113 0.999967 0.000314046
245 1.0094 1.00001 0.000315124
246 0.997558 0.999996 0.000313998
247 1.00218 1 0.00031285
248 1.00086 1.00001 0.000311605
249 1.0022 1.00002 0.000310475
250 1.00506 1.00004 0.000309889
251 1.00093 1.00004 0.000308673
252 1.00357 1.00005 0.000307765
253 1.00029 1.00006 0.000306547
254 1.00067 1.00006 0.000305348
255 0.998997 1.00005 0.000304177
256 0.995535 1.00004 0.0003035
257 1.00038 1.00004 0.000302319
258 1.00189 1.00004 0.000301231
259 0.993168 1.00002 0.000301238
260 0.998993 1.00001 0.000300103
261 0.996897 1 0.000299189
262 0.999865 1 0.000298046
263 1.0063 1.00003 0.000297874
264 0.999642 1.00002 0.000296748
265 1.01122 1.00007 0.000298631
266 1.00466 1.00008 0.000298006
267 0.993621 1.00006 0.000297873
268 1.00446 1.00008 0.000297214
269 0.995042 1.00006 0.000296698
270 0.999111 1.00005 0.000295618
271 1.00247 1.00006 0.00029466
272 1.00509 1.00008 0.000294156
273 1.01109 1.00012 0.000295838
274 0.996462 1.00011 0.000295059
275 1.00517 1.00013 0.00029456
276 1.00315 1.00014 0.000293695
277 0.999959 1.00014 0.000292633
278 0.999985 1.00014 0.000291579
279 1.00043 1.00014 0.000290534
280 1.00268 1.00015 0.000289638
281 0.989179 1.00011 0.000291232
282 1.00247 1.00012 0.000290319
283 0.993844 1.00009 0.000290139
284 0.992941 1.00007 0.00029021
285 1.00721 1.00009 0.000290274
286 1.00759 1.00012 0.000290443
287 1.00078 1.00012 0.000289439
288 0.988273 1.00008 0.000291351
289 1.00304 1.00009 0.000290522
290 1.00886 1.00012 0.000291094
291 1.0009 1.00012 0.000290105
292 0.99663 1.00011 0.000289357
293 1.00489 1.00013 0.000288828
294 0.998701 1.00012 0.000287885
295 0.995254 1.00011 0.000287382
296 0.997192 1.0001 0.000286579
297 1.00176 1.0001 0.000285667
298 1.00346 1.00011 0.00028493
299 0.998205 1.00011 0.000284047
300 0.993747 1.00009 0.000283891
301 0.995601 1.00007 0.000283339
302 1.01244 1.00011 0.000285355
303 1.00611 1.00013 0.000285099
304 0.997842 1.00012 0.00028426
305 0.994911 1.00011 0.000283842
306 1.00499 1.00012 0.000283363
307 1.01219 1.00016 0.000285159
308 1.00428 1.00018 0.000284545
309 0.998289 1.00017 0.000283688
310 1.01304 1.00021 0.000285801
311 0.995539 1.0002 0.000285276
312 0.997274 1.00019 0.000284515
313 1.00047 1.00019 0.000283606
314 1.0104 1.00022 0.000284567
315 1.00012 1.00022 0.000283662
316 1.00352 1.00023 0.000282956
317 0.997144 1.00022 0.00028223
318 0.993491 1.0002 0.000282136
319 1.00394 1.00021 0.000281494
320 1.00076 1.00021 0.000280619
321 1.00678 1.00023 0.00028049
322 0.996269 1.00022 0.000279889
323 0.99482 1.0002 0.000279522
324 0.9938 1.00019 0.000279358
325 0.997002 1.00018 0.000278669
326 1.00184 1.00018 0.00027786
327 1.00297 1.00019 0.000277141
328 0.990685 1.00016 0.00027781
329 0.998244 1.00015 0.000277025
330 1.00397 1.00017 0.000276427
331 0.989817 1.00013 0.000277359
332 0.995785 1.00012 0.000276832
333 0.996094 1.00011 0.000276265
334 1.00144 1.00011 0.000275465
335 1.00764 1.00014 0.00027556
336 1.00211 1.00014 0.000274801
337 1.0023 1.00015 0.000274059
338 0.994884 1.00013 0.000273691
339 0.995419 1.00012 0.000273236
340 0.998422 1.00011 0.000272477
341 1.00166 1.00012 0.000271714
342 0.997313 1.00011 0.000271043
343 1.00045 1.00011 0.000270253
344 0.988323 1.00008 0.000271637
345 1.00112 1.00008 0.000270865
346 1.00562 1.0001 0.000270555
347 1.00537 1.00011 0.000270202
348 1.00615 1.00013 0.000269983
349 0.999894 1.00013 0.00026921
350 1.0006 1.00013 0.000268443
351 0.989223 1.0001 0.000269474
352 1.00002 1.0001 0.000268707
353 0.996308 1.00009 0.00026816
354 0.998967 1.00008 0.00026742
355 1.00504 1.0001 0.00026703
356 1.00729 1.00012 0.000267044
357 1.0002 1.00012 0.000266295
358 1.01423 1.00016 0.000268459
359 1.00281 1.00016 0.000267812
360 0.99546 1.00015 0.000267386
361 0.995651 1.00014 0.000266936
362 1.00079 1.00014 0.000266203
363 0.995697 1.00013 0.000265751
364 0.995434 1.00012 0.000265334
365 1.00324 1.00012 0.000264744
366 1.00442 1.00014 0.000264281
367 0.999232 1.00013 0.000263571
368 0.99467 1.00012 0.000263273
369 1.00016 1.00012 0.000262559
370 1.00379 1.00013 0.000262036
371 1.00688 1.00015 0.000261961
372 0.99614 1.00014 0.000261478
373 1.00298 1.00014 0.000260887
374 1.00372 1.00015 0.000260365
375 1.00352 1.00016 0.000259825
376 0.999904 1.00016 0.000259133
377 1.00185 1.00017 0.000258484
378 0.995094 1.00015 0.000258148
379 1.00301 1.00016 0.000257576
380 1.00087 1.00016 0.000256904
381 0.999997 1.00016 0.00025623
382 0.999084 1.00016 0.000255573
383 0.996877 1.00015 0.000255049
384 1.00025 1.00015 0.000254384
385 0.998688 1.00015 0.000253751
386 1.00836 1.00017 0.000253986
387 0.996085 1.00016 0.000253549
388 1.0012 1.00016 0.000252908
389 1.00781 1.00018 0.000253023
390 0.997636 1.00017 0.000252458
391 1.00694 1.00019 0.000252405
392 1.00039 1.00019 0.000251761
393 1.00763 1.00021 0.000251832
394 1.00262 1.00022 0.000251266
395 1.0049 1.00023 0.00025091
396 1.00324 1.00024 0.000250391
397 1.00306 1.00024 0.000249861
398 0.996171 1.00023 0.000249442
399 1.00437 1.00024 0.000249032
400 1.00024 1.00024 0.000248409
401 1.00282 1.00025 0.000247872
402 0.999211 1.00025 0.000247268
403 0.996256 1.00024 0.000246852
404 1.00033 1.00024 0.000246241
405 1.00185 1.00024 0.000245664
406 1.00083 1.00024 0.000245063
407 0.993916 1.00023 0.000244954
408 1.00438 1.00024 0.000244564
409 1.00251 1.00024 0.000244029
410 1.00568 1.00026 0.000243794
411 0.997781 1.00025 0.000243275
412 0.998365 1.00025 0.000242727
413 1.00126 1.00025 0.000242151
414 0.998402 1.00024 0.000241606
415 0.998211 1.00024 0.000241073
416 0.99827 1.00023 0.00024054
417 1.00835 1.00025 0.00024075
418 1.00486 1.00026 0.000240426
419 0.996779 1.00026 0.000239996
420 0.999361 1.00025 0.000239433
421 0.995798 1.00024 0.000239098
422 0.997842 1.00024 0.000238599
423 1.00677 1.00025 0.000238535
424 1.00053 1.00025 0.000237973
425 1.00322 1.00026 0.000237515
426 0.998071 1.00026 0.000237012
427 1.00746 1.00027 0.000237058
428 1.0015 1.00028 0.000236521
429 1.00211 1.00028 0.000236007
430 1.0079 1.0003 0.000236124
431 0.996503 1.00029 0.00023574
432 0.99904 1.00029 0.000235211
433 0.999602 1.00028 0.000234673
434 0.998022 1.00028 0.000234189
435 0.993524 1.00026 0.000234166
436 0.992826 1.00025 0.00023425
437 0.997084 1.00024 0.000233825
438 1.00542 1.00025 0.000233591
439 0.997209 1.00024 0.000233161
440 1.00366 1.00025 0.00023276
441 0.994577 1.00024 0.000232588
442 0.993714 1.00022 0.00023253
443 0.999878 1.00022 0.000232006
444 0.995498 1.00021 0.000231727
445 1.0089 1.00023 0.000232029
446 1.0025 1.00024 0.000231564
447 0.994829 1.00023 0.000231362
448 1.00891 1.00024 0.000231657
449 0.997221 1.00024 0.000231238
450 1.00679 1.00025 0.000231183
451 0.993484 1.00024 0.000231157
452 0.999105 1.00023 0.000230659
453 1.0005 1.00024 0.00023015
454 1.00254 1.00024 0.000229698
455 1.00716 1.00026 0.000229697
456 0.998349 1.00025 0.00022923
457 1.00373 1.00026 0.000228855
458 0.998039 1.00025 0.000228406
459 1.00338 1.00026 0.00022801
460 1.00289 1.00027 0.000227585
461 0.996129 1.00026 0.000227268
462 0.99978 1.00026 0.000226778
463 1.00567 1.00027 0.00022659
464 1.00198 1.00027 0.000226131
465 0.997772 1.00027 0.000225708
466 0.995857 1.00026 0.000225422
467 1.00177 1.00026 0.000224962
468 1.00124 1.00026 0.000224491
469 1.00315 1.00027 0.000224096
470 0.999558 1.00027 0.000223624
471 0.996994 1.00026 0.000223257
472 1.00741 1.00028 0.000223298
473 0.996727 1.00027 0.000222951
474 1.00239 1.00027 0.000222526
475 0.996137 1.00026 0.000222227
476 1.0007 1.00026 0.000221762
477 1.00216 1.00027 0.000221332
478 0.99517 1.00026 0.000221126
479 1.00302 1.00026 0.000220739
480 0.999839 1.00026 0.000220281
481 0.996192 1.00025 0.000219985
482 0.99945 1.00025 0.000219534
483 0.998541 1.00025 0.000219108
484 0.997793 1.00024 0.000218714
485 1.00398 1.00025 0.000218399
486 1.00564 1.00026 0.00021823
487 0.996975 1.00026 0.000217886
488 0.998084 1.00025 0.000217485
489 1.01006 1.00027 0.000217965
490 1.00062 1.00027 0.000217521
491 1.00068 1.00027 0.000217079
492 1.00287 1.00028 0.000216702
493 0.994644 1.00027 0.000216564
494 0.996764 1.00026 0.000216241
495 0.999075 1.00026 0.000215817
496 0.99536 1.00025 0.000215608
497 1.00557 1.00026 0.00021544
498 1.00266 1.00026 0.000215061
499 1.00534 1.00027 0.000214871
500 0.996781 1.00027 0.000214555
501 0.988059 1.00024 0.000215508
502 0.995362 1.00023 0.000215298
503 1.00109 1.00023 0.000214876
504 1.00124 1.00024 0.000214458
505 0.997778 1.00023 0.000214089
506 1.00139 1.00023 0.000213677
507 0.982965 1.0002 0.000215958
508 1.00144 1.0002 0.000215547
509 0.997425 1.0002 0.000215192
510 0.997022 1.00019 0.00021486
511 0.999578 1.00019 0.000214442
512 0.997724 1.00018 0.000214077
513 1.00616 1.0002 0.000213977
514 1.00193 1.0002 0.000213587
515 1.00539 1.00021 0.00021341
516 0.997587 1.0002 0.000213056
517 0.999813 1.0002 0.000212645
518 1.00417 1.00021 0.000212373
519 0.990973 1.00019 0.000212709
520 1.00295 1.0002 0.000212366
521 1.00024 1.0002 0.000211958
522 1.00528 1.00021 0.000211775
523 0.996627 1.0002 0.000211481
524 0.993705 1.00019 0.000211441
525 0.995426 1.00018 0.000211232
526 1.0036 1.00019 0.000210931
527 1.00003 1.00019 0.00021053
528 0.997316 1.00018 0.000210201
529 1.00097 1.00018 0.000209809
530 0.99986 1.00018 0.000209414
531 1.00377 1.00019 0.000209128
532 1.00318 1.00019 0.00020881
533 0.996367 1.00019 0.000208542
534 1.00341 1.00019 0.000208238
535 1.00286 1.0002 0.000207908
536 1.00258 1.0002 0.000207568
537 1.00423 1.00021 0.000207316
538 1.00468 1.00022 0.000207097
539 1.0045 1.00023 0.000206865
540 0.998087 1.00022 0.00020652
541 1.00339 1.00023 0.000206221
542 0.998627 1.00023 0.000205861
543 0.995861 1.00022 0.000205639
544 0.999334 1.00022 0.000205267
545 1.0051 1.00022 0.000205086
546 0.987849 1.0002 0.000205961
547 1.00646 1.00021 0.000205902
548 1.00325 1.00022 0.0002056
549 1.00063 1.00022 0.000205227
550 1.00155 1.00022 0.000204868
551 0.996924 1.00022 0.000204583
552 1.0027 1.00022 0.000204262
553 0.995329 1.00021 0.000204084
554 0.996178 1.0002 0.000203845
555 0.997576 1.0002 0.000203533
556 0.992256 1.00019 0.000203668
557 1.00241 1.00019 0.000203341
558 1.00147 1.00019 0.000202989
559 0.994666 1.00018 0.000202867
560 0.998419 1.00018 0.000202529
561 0.989101 1.00016 0.000203129
562 1.00249 1.00016 0.00020281
563 1.00864 1.00018 0.000203009
564 1.0052 1.00019 0.000202844
565 0.998162 1.00018 0.000202516
566 1.00104 1.00018 0.000202164
567 1.00314 1.00019 0.000201874
568 0.998186 1.00019 0.00020155
569 0.989635 1.00017 0.000202048
570 1.00012 1.00017 0.000201693
571 0.998826 1.00017 0.000201353
572 0.998643 1.00016 0.000201018
573 0.998262 1.00016 0.000200695
574 0.998517 1.00016 0.000200365
575 1.00748 1.00017 0.000200422
576 0.997117 1.00016 0.000200144
577 0.999642 1.00016 0.000199799
578 1.00783 1.00018 0.000199893
579 1.00182 1.00018 0.000199568
580 1.00033 1.00018 0.000199223
581 0.997094 1.00017 0.000198951
582 0.998553 1.00017 0.000198628
583 0.996908 1.00017 0.000198366
584 1.00073 1.00017 0.000198029
585 0.993234 1.00016 0.000198045
586 0.999534 1.00015 0.00019771
587 1.00311 1.00016 0.000197437
588 0.995715 1.00015 0.000197246
589 1.00158 1.00015 0.000196925
590 0.997668 1.00015 0.000196636
591 1.00551 1.00016 0.000196513
592 1.00114 1.00016 0.000196188
593 0.98952 1.00014 0.000196677
594 0.990901 1.00013 0.000196961
595 0.998154 1.00012 0.000196658
596 0.999278 1.00012 0.000196332
597 1.00784 1.00014 0.000196429
598 1.00193 1.00014 0.000196123
599 1.00655 1.00015 0.000196088
600 0.997444 1.00014 0.000195813
601 0.994255 1.00013 0.000195732
602 1.00184 1.00014 0.000195427
603 1.00533 1.00015 0.000195293
604 1.005 1.00015 0.000195135
605 1.0017 1.00016 0.000194829
606 0.998772 1.00015 0.000194521
607 0.996979 1.00015 0.000194271
608 1.00108 1.00015 0.000193957
609 0.992265 1.00014 0.00019407
610 1.0029 1.00014 0.000193805
611 0.996737 1.00014 0.000193568
612 1.00006 1.00014 0.000193251
613 0.999 1.00013 0.000192945
614 1.00036 1.00013 0.000192631
615 0.987514 1.00011 0.000193409
616 1.00433 1.00012 0.000193216
617 0.998297 1.00012 0.000192925
618 0.989119 1.0001 0.000193434
619 1.00139 1.0001 0.000193132
620 0.99402 1.00009 0.00019307
621 1.00775 1.00011 0.000193153
622 0.994143 1.0001 0.00019308
623 0.996784 1.00009 0.000192843
624 0.991869 1.00008 0.000192984
625 0.994322 1.00007 0.000192895
626 0.990704 1.00005 0.000193167
627 1.0034 1.00006 0.000192932
628 0.996882 1.00005 0.000192691
629 1.00777 1.00007 0.000192775
630 1.00236 1.00007 0.000192504
631 0.994235 1.00006 0.00019242
632 1.00567 1.00007 0.000192321
633 1.00037 1.00007 0.000192017
634 0.994677 1.00006 0.000191903
635 1.00153 1.00006 0.000191614
636 0.995364 1.00006 0.000191455
637 1.00225 1.00006 0.000191185
638 0.996878 1.00005 0.000190951
639 0.997637 1.00005 0.000190689
640 1.00787 1.00006 0.000190783
641 0.998963 1.00006 0.000190492
642 1.00413 1.00007 0.000190301
643 1.00245 1.00007 0.000190041
644 0.996454 1.00007 0.000189829
645 0.996738 1.00006 0.000189604
646 1.00593 1.00007 0.000189529
647 0.987379 1.00005 0.000190249
648 1.01064 1.00007 0.000190657
649 1.00037 1.00007 0.000190364
650 1.00328 1.00007 0.000190135
651 0.989147 1.00005 0.000190583
652 1.00331 1.00006 0.000190356
653 1.00098 1.00006 0.000190069
654 1.00346 1.00007 0.00018985
655 0.994498 1.00006 0.00018975
656 0.998891 1.00006 0.000189469
657 1.0004 1.00006 0.000189181
658 1.00855 1.00007 0.000189334
659 1.00133 1.00007 0.000189056
660 1.00063 1.00007 0.000188771
661 0.999708 1.00007 0.000188486
662 1.00576 1.00008 0.000188397
663 1.00458 1.00009 0.000188236
664 0.99365 1.00008 0.000188202
665 1.00113 1.00008 0.000187925
666 1.00218 1.00008 0.000187669
667 1.00305 1.00009 0.00018744
668 0.997537 1.00008 0.000187198
669 1.00064 1.00008 0.00018692
670 1.00139 1.00009 0.000186651
671 0.990809 1.00007 0.000186885
672 0.998374 1.00007 0.000186624
673 0.999748 1.00007 0.000186347
674 1.00223 1.00007 0.000186098
675 0.997101 1.00007 0.000185874
676 0.995939 1.00006 0.000185699
677 0.999821 1.00006 0.000185425
678 1.00125 1.00006 0.00018516
679 1.00641 1.00007 0.000185123
680 0.99793 1.00007 0.000184878
681 1.00382 1.00007 0.000184688
682 0.997195 1.00007 0.000184466
683 0.998039 1.00007 0.000184219
684 0.996975 1.00006 0.000184005
685 1.00118 1.00006 0.000183744
686 0.997065 1.00006 0.000183528
687 0.998612 1.00006 0.000183273
688 1.00657 1.00007 0.000183251
689 0.997521 1.00006 0.000183022
690 0.997128 1.00006 0.000182806
691 0.994892 1.00005 0.000182695
692 0.994905 1.00004 0.000182582
693 1.00083 1.00005 0.000182322
694 0.99716 1.00004 0.000182106
695 1.00261 1.00005 0.000181882
696 1.00157 1.00005 0.000181633
697 1.00548 1.00006 0.00018154
698 1.00422 1.00006 0.000181378
699 1.01063 1.00008 0.000181748
700 1.00242 1.00008 0.000181519
701 0.995905 1.00007 0.000181358
702 0.988893 1.00006 0.000181799
703 1.00269 1.00006 0.000181578
704 1.00534 1.00007 0.000181475
705 0.996102 1.00006 0.000181305
706 0.989539 1.00005 0.000181661
707 1.00497 1.00006 0.000181538
708 0.996189 1.00005 0.000181363
709 0.996377 1.00004 0.000181181
710 0.999345 1.00004 0.000180929
711 1.00136 1.00005 0.000180683
712 0.992051 1.00003 0.000180778
713 0.999158 1.00003 0.000180529
714 0.99718 1.00003 0.00018032
715 1.00395 1.00003 0.000180151
716 0.995559 1.00003 0.000180008
717 0.996387 1.00002 0.000179829
718 1.00213 1.00003 0.000179602
719 1.0007 1.00003 0.000179355
720 1.00114 1.00003 0.000179112
721 1.00089 1.00003 0.000178867
722 1.00265 1.00003 0.000178656
723 0.995974 1.00003 0.000178497
724 0.997117 1.00002 0.000178296
725 0.998993 1.00002 0.000178056
726 1.00304 1.00003 0.000177859
727 0.997583 1.00002 0.000177646
728 0.991142 1.00001 0.000177821
729 0.995857 1.00001 0.000177668
730 1.0012 1.00001 0.000177432
731 1.00278 1.00001 0.00017723
732 1.0013 1.00001 0.000176996
733 1.00287 1.00002 0.000176798
734 1.00173 1.00002 0.000176572
735 0.997254 1.00001 0.000176372
736 1.0022 1.00002 0.000176157
737 0.994417 1.00001 0.000176082
738 1.00222 1.00001 0.000175869
739 1.00377 1.00002 0.000175704
740 0.998189 1.00002 0.000175484
741 1.00395 1.00002 0.000175327
742 0.999101 1.00002 0.000175095
743 1.00399 1.00003 0.00017494
744 0.996018 1.00002 0.000174788
745 0.999793 1.00002 0.000174554
746 0.999491 1.00002 0.000174321
747 0.999198 1.00002 0.000174091
748 0.999332 1.00002 0.00017386
749 1.00587 1.00002 0.000173804
750 0.999501 1.00002 0.000173573
751 0.996634 1.00002 0.000173401
752 1.00181 1.00002 0.000173186
753 1.00113 1.00002 0.000172963
754 0.998939 1.00002 0.000172739
755 0.999863 1.00002 0.00017251
756 1.00145 1.00002 0.000172292
757 0.99581 1.00002 0.000172154
758 0.99938 1.00002 0.000171929
759 1.00147 1.00002 0.000171713
760 1.00364 1.00002 0.000171553
761 1.0027 1.00003 0.000171364
762 1.00246 1.00003 0.000171169
763 0.995209 1.00002 0.000171061
764 0.997529 1.00002 0.000170868
765 1.00004 1.00002 0.000170645
766 0.997914 1.00002 0.000170444
767 1.00697 1.00003 0.000170463
768 0.996545 1.00002 0.000170301
769 0.993938 1.00001 0.000170263
770 0.9905 1 0.00017049
771 0.998263 1 0.000170284
772 0.988519 0.999985 0.000170712
773 0.996575 0.999981 0.000170549
774 0.999192 0.99998 0.000170331
775 0.994722 0.999973 0.000170246
776 0.987475 0.999957 0.000170788
777 0.992085 0.999947 0.000170869
778 1.00425 0.999952 0.000170739
779 0.996269 0.999948 0.000170585
780 1.00035 0.999948 0.000170367
781 1.00449 0.999954 0.000170248
782 1.00455 0.99996 0.000170132
783 0.998412 0.999958 0.000169926
784 0.992397 0.999948 0.000169983
785 0.997228 0.999945 0.000169801
786 1.0028 0.999948 0.000169624
787 0.996783 0.999944 0.000169456
788 1.00187 0.999947 0.000169259
789 1.01135 0.999961 0.000169661
790 0.995957 0.999956 0.000169522
791 1.00664 0.999965 0.000169518
792 0.99579 0.999959 0.000169386
793 1.00266 0.999963 0.000169206
794 0.997934 0.99996 0.000169012
795 0.996579 0.999956 0.000168853
796 1.00019 0.999956 0.000168641
797 0.997577 0.999953 0.000168456
798 1.00821 0.999964 0.000168562
799 1.0033 0.999968 0.000168403
800 0.999559 0.999967 0.000168193
801 0.998232 0.999965 0.000167997
802 1.00063 0.999966 0.000167789
803 1.00146 0.999968 0.00016759
804 0.999612 0.999967 0.000167382
805 1.0001 0.999968 0.000167174
806 1.00262 0.999971 0.000166999
807 1.00663 0.999979 0.000166996
808 0.99596 0.999974 0.000166863
809 0.990967 0.999963 0.000167029
810 0.995087 0.999957 0.000166931
811 1.00644 0.999965 0.000166916
812 0.989022 0.999952 0.000167254
813 0.998579 0.99995 0.000167057
814 1.00384 0.999955 0.00016692
815 0.984845 0.999936 0.000167743
816 1.00304 0.99994 0.00016758
817 1.00044 0.999941 0.000167376
818 1.00492 0.999947 0.000167282
819 1.00128 0.999948 0.000167086
820 0.995523 0.999943 0.000166969
821 1.00256 0.999946 0.000166796
822 1.00023 0.999946 0.000166593
823 1.00378 0.999951 0.000166456
824 1.00298 0.999955 0.000166295
825 1.00695 0.999963 0.000166309
826 1.00716 0.999972 0.000166336
827 1.00077 0.999973 0.000166137
828 1.00138 0.999975 0.000165945
829 1.00535 0.999981 0.000165872
830 0.996373 0.999977 0.000165729
831 0.998529 0.999975 0.000165538
832 0.997211 0.999972 0.000165372
833 1.00111 0.999973 0.000165179
834 0.998737 0.999972 0.000164988
835 1.00336 0.999976 0.00016484
836 0.998322 0.999974 0.000164655
837 1.00056 0.999974 0.000164459
838 1.00695 0.999983 0.000164474
839 0.994051 0.999976 0.00016443
840 1.00709 0.999984 0.000164452
841 1.00112 0.999985 0.000164262
842 1.00035 0.999986 0.000164068
843 0.996665 0.999982 0.00016392
844 0.999308 0.999981 0.000163728
845 0.995963 0.999976 0.000163603
846 1.00098 0.999978 0.000163414
847 1.00345 0.999982 0.000163272
848 1.00275 0.999985 0.000163112
849 0.999399 0.999984 0.000162922
850 1.0033 0.999988 0.000162777
851 0.994625 0.999982 0.000162707
852 0.999916 0.999982 0.000162516
853 0.994388 0.999975 0.000162458
854 1.00244 0.999978 0.000162293
855 0.996249 0.999974 0.000162162
856 1.00377 0.999978 0.000162033
857 0.993527 0.999971 0.000162019
858 1.00463 0.999976 0.000161921
859 1.00411 0.999981 0.000161804
860 1.00215 0.999983 0.000161635
861 0.998442 0.999982 0.000161457
862 0.995142 0.999976 0.000161368
863 0.992287 0.999967 0.000161427
864 1.00863 0.999977 0.000161551
865 1.00154 0.999979 0.000161375
866 0.999151 0.999978 0.000161191
867 0.995801 0.999973 0.000161077
868 1.00051 0.999974 0.000160892
869 1.00456 0.999979 0.000160794
870 0.997314 0.999976 0.000160638
871 0.999138 0.999975 0.000160456
872 1.00347 0.999979 0.000160322
873 1.00014 0.999979 0.000160139
874 1.00306 0.999983 0.000159994
875 1.00267 0.999986 0.000159841
876 0.99834 0.999984 0.000159669
877 1.00547 0.99999 0.00015961
878 0.997632 0.999987 0.00015945
879 0.999151 0.999986 0.000159272
880 0.998385 0.999985 0.000159101
881 1.00083 0.999986 0.000158923
882 0.999502 0.999985 0.000158744
883 0.997528 0.999982 0.000158588
884 0.986457 0.999967 0.000159146
885 1.00148 0.999969 0.000158975
886 1.00085 0.99997 0.000158799
887 0.999761 0.999969 0.00015862
888 1.00713 0.999978 0.000158646
889 0.997303 0.999975 0.000158496
890 0.995908 0.99997 0.000158384
891 0.991117 0.99996 0.000158518
892 1.00436 0.999965 0.000158417
893 1.0071 0.999973 0.000158441
894 0.997253 0.99997 0.000158293
895 1.00239 0.999973 0.000158139
896 1.0004 0.999973 0.000157963
897 1.00472 0.999978 0.000157876
898 0.994674 0.999972 0.000157811
899 1.00708 0.99998 0.000157833
900 1.00283 0.999984 0.000157689
901 1.00675 0.999991 0.000157693
902 0.99688 0.999988 0.000157556
903 0.995759 0.999983 0.000157451
904 0.991662 0.999974 0.000157546
905 0.994669 0.999968 0.000157481
906 0.995784 0.999963 0.000157375
907 1.00126 0.999965 0.000157208
908 1.01135 0.999977 0.000157534
909 1.00518 0.999983 0.000157464
910 1.0062 0.99999 0.00015744
911 1.00756 0.999998 0.000157486
912 1.00326 1 0.000157354
913 1.00104 1 0.000157186
914 0.992289 0.999994 0.00015724
915 1.0016 0.999996 0.000157078
916 0.996094 0.999992 0.000156964
917 0.995875 0.999987 0.000156857
918 1.0061 0.999994 0.000156828
919 0.999888 0.999994 0.000156657
920 0.999377 0.999993 0.000156488
921 1.00645 1 0.000156475
922 0.997507 0.999998 0.000156329
923 1.00904 1.00001 0.000156466
924 1.00576 1.00001 0.00015642
925 0.999984 1.00001 0.000156251
926 1.00267 1.00002 0.000156109
927 0.999632 1.00002 0.000155941
928 1.0025 1.00002 0.000155796
929 0.997773 1.00002 0.000155647
930 0.997783 1.00001 0.000155498
931 1.00444 1.00002 0.000155403
932 0.995552 1.00001 0.000155311
933 1.00438 1.00002 0.000155215
934 1.00044 1.00002 0.000155049
935 1.00967 1.00003 0.000155227
936 0.997781 1.00003 0.00015508
937 0.986668 1.00001 0.000155569
938 1.00134 1.00001 0.000155409
939 1.00886 1.00002 0.000155529
940 0.988425 1.00001 0.000155853
941 0.994421 1.00001 0.0001558
942 1.00151 1.00001 0.000155643
943 0.99178 0.999998 0.000155723
944 0.999046 0.999997 0.000155561
945 1.00187 0.999999 0.000155409
946 1.00238 1 0.000155265
947 0.999815 1 0.000155101
948 1.00227 1 0.000154956
949 0.999084 1 0.000154795
950 1.00186 1 0.000154645
951 0.990617 0.999995 0.000154797
952 0.995814 0.99999 0.000154697
953 1.00417 0.999995 0.000154597
954 1.00146 0.999996 0.000154442
955 1.00608 1 0.000154412
956 1.00267 1.00001 0.000154275
957 1.00036 1.00001 0.000154114
958 1.00124 1.00001 0.000153959
959 1.00642 1.00001 0.000153944
960 1.00098 1.00001 0.000153787
961 1.00153 1.00002 0.000153634
962 1.00373 1.00002 0.000153523
963 1.00041 1.00002 0.000153364
964 0.997737 1.00002 0.000153223
965 0.997795 1.00002 0.000153082
966 1.00264 1.00002 0.000152948
967 1.00342 1.00002 0.00015283
968 1.00275 1.00003 0.000152698
969 0.999051 1.00002 0.000152544
970 1.00203 1.00003 0.0001524
971 0.999484 1.00003 0.000152244
972 0.992233 1.00002 0.000152299
973 0.997248 1.00001 0.000152169
974 0.9951 1.00001 0.000152096
975 1.00032 1.00001 0.00015194
976 0.998721 1.00001 0.00015179
977 1.00621 1.00002 0.000151768
978 0.995954 1.00001 0.000151669
979 1.0009 1.00001 0.000151517
980 0.997399 1.00001 0.000151386
981 0.98942 0.999998 0.000151616
982 0.993908 0.999992 0.000151588
983 0.998136 0.99999 0.000151446
984 1.00144 0.999992 0.000151299
985 0.994999 0.999987 0.00015123
986 0.997533 0.999984 0.000151097
987 0.999373 0.999984 0.000150946
988 0.989743 0.999973 0.000151148
989 0.997817 0.999971 0.000151011
990 0.993871 0.999965 0.000150984
991 1.00116 0.999966 0.000150837
992 0.999651 0.999966 0.000150685
993 0.995339 0.999961 0.000150605
994 0.99905 0.99996 0.000150456
995 1.00204 0.999962 0.00015032
996 1.00626 0.999969 0.000150302
997 1.00522 0.999974 0.000150243
998 0.994614 0.999968 0.000150188
999 1.00357 0.999972 0.000150081
1000 1.00326 0.999975 0.000149967
