# Energy calculation - Metropolis algorithm
# Total number of throws: M = 1000000
# Number of blocks: N = 1000
# Throws per block: L = 1000
# Initial position: x0 = 0
# Uniform proposal half-width: delta = 1.2
# Acceptance rate: A = accepted/attempted = 0.670042
# Wavefunction parameters: (mu,sigma) = (-0.860813, 0.582034)
# Columns:
# 1) block index
# 2) block average
# 3) progressive average
# 4) progressive statistical uncertainty
1 -0.410314 -0.410314 0
2 -0.399735 -0.405024 0.00528942
3 -0.455042 -0.421697 0.01695
4 -0.394999 -0.415022 0.0137185
5 -0.439831 -0.419984 0.0117277
6 -0.388092 -0.414669 0.0109519
7 -0.409194 -0.413887 0.00928906
8 -0.371867 -0.408634 0.00960747
9 -0.409147 -0.408691 0.00847318
10 -0.443787 -0.412201 0.00835183
11 -0.398803 -0.410983 0.00765208
12 -0.43815 -0.413247 0.00734306
13 -0.375872 -0.410372 0.00734102
14 -0.431801 -0.411902 0.0069667
15 -0.334835 -0.406765 0.00827409
16 -0.430327 -0.408237 0.00787856
17 -0.431759 -0.409621 0.00752885
18 -0.434412 -0.410998 0.00723066
19 -0.385825 -0.409673 0.00696666
20 -0.410419 -0.409711 0.00660926
21 -0.417439 -0.410079 0.00629743
22 -0.420845 -0.410568 0.00602427
23 -0.440246 -0.411858 0.00589924
24 -0.449521 -0.413428 0.00586205
25 -0.44753 -0.414792 0.00578578
26 -0.404223 -0.414385 0.00557364
27 -0.431819 -0.415031 0.00540197
28 -0.449255 -0.416253 0.00534704
29 -0.407657 -0.415957 0.00516787
30 -0.402055 -0.415493 0.0050141
31 -0.45663 -0.41682 0.00502793
32 -0.343255 -0.414521 0.00538378
33 -0.416628 -0.414585 0.00521848
34 -0.443146 -0.415425 0.00513189
35 -0.46729 -0.416907 0.00519877
36 -0.382197 -0.415943 0.00514347
37 -0.469604 -0.417393 0.00520852
38 -0.403146 -0.417018 0.00508344
39 -0.374304 -0.415923 0.00507107
40 -0.417389 -0.41596 0.0049428
41 -0.405001 -0.415692 0.00482814
42 -0.396631 -0.415239 0.00473359
43 -0.445381 -0.41594 0.00467505
44 -0.45861 -0.416909 0.00466938
45 -0.47202 -0.418134 0.00472588
46 -0.366314 -0.417008 0.0047573
47 -0.3944 -0.416527 0.00467977
48 -0.394393 -0.416065 0.00460438
49 -0.433387 -0.416419 0.00452327
50 -0.323496 -0.41456 0.00480577
51 -0.381779 -0.413918 0.00475425
52 -0.435777 -0.414338 0.00468084
53 -0.429283 -0.41462 0.00460032
54 -0.434467 -0.414988 0.00452927
55 -0.405549 -0.414816 0.00444946
56 -0.440973 -0.415283 0.00439418
57 -0.378416 -0.414636 0.00436459
58 -0.447852 -0.415209 0.00432675
59 -0.437834 -0.415592 0.00427003
60 -0.429985 -0.415832 0.00420511
61 -0.386667 -0.415354 0.00416315
62 -0.444862 -0.41583 0.00412301
63 -0.412268 -0.415774 0.00405743
64 -0.426689 -0.415944 0.00399717
65 -0.455189 -0.416548 0.00398124
66 -0.436792 -0.416855 0.00393244
67 -0.411623 -0.416777 0.00387409
68 -0.444712 -0.417187 0.00383874
69 -0.411222 -0.417101 0.00378368
70 -0.424692 -0.417209 0.00373081
71 -0.381072 -0.4167 0.00371294
72 -0.431959 -0.416912 0.00366714
73 -0.440915 -0.417241 0.00363147
74 -0.430823 -0.417425 0.00358676
75 -0.44121 -0.417742 0.0035528
76 -0.452336 -0.418197 0.00353517
77 -0.427702 -0.41832 0.00349114
78 -0.457162 -0.418818 0.00348188
79 -0.419316 -0.418825 0.00343753
80 -0.421046 -0.418852 0.0033944
81 -0.422022 -0.418892 0.00335246
82 -0.463436 -0.419435 0.00335559
83 -0.432281 -0.41959 0.00331852
84 -0.460883 -0.420081 0.00331542
85 -0.40095 -0.419856 0.00328391
86 -0.426492 -0.419933 0.00324642
87 -0.408893 -0.419806 0.00321139
88 -0.466001 -0.420331 0.0032178
89 -0.459771 -0.420774 0.00321215
90 -0.431285 -0.420891 0.00317841
91 -0.432831 -0.421022 0.00314602
92 -0.437909 -0.421206 0.00311705
93 -0.43244 -0.421327 0.00308571
94 -0.4075 -0.42118 0.00305625
95 -0.443505 -0.421415 0.00303303
96 -0.421717 -0.421418 0.00300127
97 -0.42998 -0.421506 0.00297148
98 -0.429012 -0.421583 0.002942
99 -0.430348 -0.421671 0.00291348
100 -0.40123 -0.421467 0.00289143
101 -0.389714 -0.421152 0.00287987
102 -0.418617 -0.421128 0.0028516
103 -0.417635 -0.421094 0.00282399
104 -0.419078 -0.421074 0.00279677
105 -0.422357 -0.421087 0.00277003
106 -0.45366 -0.421394 0.00276093
107 -0.419437 -0.421376 0.00273506
108 -0.445046 -0.421595 0.00271847
109 -0.409494 -0.421484 0.0026957
110 -0.43525 -0.421609 0.00267401
111 -0.397618 -0.421393 0.00265861
112 -0.436206 -0.421525 0.00263809
113 -0.435362 -0.421647 0.0026175
114 -0.47258 -0.422094 0.00263263
115 -0.440394 -0.422253 0.00261448
116 -0.442442 -0.422427 0.00259768
117 -0.418312 -0.422392 0.00257562
118 -0.427699 -0.422437 0.0025541
119 -0.42901 -0.422492 0.00253315
120 -0.42301 -0.422497 0.00251195
121 -0.416316 -0.422446 0.00249163
122 -0.478291 -0.422903 0.00251316
123 -0.414649 -0.422836 0.00249355
124 -0.423755 -0.422844 0.00247337
125 -0.408841 -0.422732 0.00245606
126 -0.425147 -0.422751 0.00243656
127 -0.446114 -0.422935 0.00242429
128 -0.4426 -0.423088 0.00241018
129 -0.451568 -0.423309 0.00240159
130 -0.378813 -0.422967 0.0024075
131 -0.408418 -0.422856 0.00239163
132 -0.401556 -0.422694 0.00237892
133 -0.411425 -0.42261 0.00236249
134 -0.373319 -0.422242 0.00237347
135 -0.404675 -0.422112 0.00235941
136 -0.37182 -0.421742 0.00237102
137 -0.428877 -0.421794 0.00235422
138 -0.428179 -0.42184 0.00233756
139 -0.401172 -0.421692 0.00232544
140 -0.429567 -0.421748 0.00230945
141 -0.42808 -0.421793 0.00229346
142 -0.394321 -0.421599 0.00228545
143 -0.397217 -0.421429 0.00227581
144 -0.387111 -0.421191 0.00227248
145 -0.428336 -0.42124 0.00225729
146 -0.367805 -0.420874 0.00227146
147 -0.414004 -0.420827 0.00225644
148 -0.41437 -0.420783 0.00224156
149 -0.435166 -0.42088 0.00222856
150 -0.390897 -0.42068 0.00222266
151 -0.450154 -0.420875 0.0022165
152 -0.452397 -0.421083 0.00221161
153 -0.418592 -0.421066 0.00219717
154 -0.401418 -0.420939 0.00218658
155 -0.419945 -0.420932 0.00217244
156 -0.437426 -0.421038 0.00216106
157 -0.438384 -0.421149 0.00215009
158 -0.411554 -0.421088 0.0021373
159 -0.406745 -0.420998 0.00212573
160 -0.431429 -0.421063 0.00211341
161 -0.431714 -0.421129 0.00210128
162 -0.436611 -0.421225 0.00209046
163 -0.385697 -0.421007 0.002089
164 -0.409504 -0.420936 0.0020774
165 -0.399956 -0.420809 0.00206869
166 -0.435407 -0.420897 0.00205807
167 -0.435529 -0.420985 0.00204758
168 -0.399468 -0.420857 0.00203938
169 -0.413727 -0.420815 0.00202772
170 -0.409559 -0.420748 0.00201684
171 -0.424977 -0.420773 0.00200516
172 -0.426176 -0.420805 0.00199372
173 -0.449054 -0.420968 0.00198888
174 -0.368793 -0.420668 0.00200002
175 -0.393475 -0.420513 0.00199462
176 -0.444972 -0.420652 0.00198812
177 -0.41903 -0.420642 0.00197687
178 -0.390757 -0.420474 0.00197289
179 -0.445706 -0.420615 0.0019669
180 -0.346386 -0.420203 0.00199894
181 -0.444785 -0.420339 0.0019925
182 -0.411289 -0.420289 0.00198215
183 -0.436614 -0.420378 0.0019733
184 -0.377938 -0.420148 0.00197606
185 -0.423896 -0.420168 0.00196545
186 -0.432781 -0.420236 0.00195603
187 -0.388661 -0.420067 0.00195286
188 -0.434291 -0.420143 0.00194391
189 -0.457593 -0.420341 0.00194373
190 -0.426878 -0.420375 0.00193378
191 -0.467419 -0.420621 0.00193933
192 -0.446692 -0.420757 0.00193398
193 -0.442293 -0.420869 0.00192716
194 -0.425693 -0.420894 0.00191736
195 -0.425988 -0.42092 0.00190768
196 -0.429095 -0.420962 0.00189838
197 -0.400604 -0.420858 0.00189155
198 -0.352119 -0.420511 0.00191372
199 -0.417916 -0.420498 0.00190413
200 -0.413581 -0.420463 0.0018949
201 -0.372062 -0.420223 0.00190076
202 -0.420444 -0.420224 0.00189133
203 -0.41913 -0.420218 0.001882
204 -0.425392 -0.420244 0.00187292
205 -0.414673 -0.420216 0.00186396
206 -0.391179 -0.420076 0.00186024
207 -0.443887 -0.420191 0.0018548
208 -0.433297 -0.420254 0.00184694
209 -0.419562 -0.42025 0.00183808
210 -0.451366 -0.420398 0.0018353
211 -0.433695 -0.420461 0.00182767
212 -0.428257 -0.420498 0.0018194
213 -0.396958 -0.420388 0.0018142
214 -0.422416 -0.420397 0.00180573
215 -0.382752 -0.420222 0.00180582
216 -0.454071 -0.420379 0.00180426
217 -0.375912 -0.420174 0.00180758
218 -0.446636 -0.420295 0.00180336
219 -0.441152 -0.42039 0.00179763
220 -0.440658 -0.420483 0.00179181
221 -0.415797 -0.420461 0.00178381
222 -0.435172 -0.420528 0.00177699
223 -0.42413 -0.420544 0.00176908
224 -0.447605 -0.420665 0.0017653
225 -0.400326 -0.420574 0.00175976
226 -0.447453 -0.420693 0.00175599
227 -0.440509 -0.42078 0.00175042
228 -0.444533 -0.420885 0.00174583
229 -0.374033 -0.42068 0.00175019
230 -0.433218 -0.420735 0.00174342
231 -0.460022 -0.420905 0.00174417
232 -0.434803 -0.420965 0.00173767
233 -0.43354 -0.421019 0.00173103
234 -0.441055 -0.421104 0.00172575
235 -0.433749 -0.421158 0.00171923
236 -0.405373 -0.421091 0.00171323
237 -0.417526 -0.421076 0.00170606
238 -0.426099 -0.421097 0.001699
239 -0.417771 -0.421083 0.00169194
240 -0.399218 -0.420992 0.00168733
241 -0.451509 -0.421119 0.00168508
242 -0.3714 -0.420913 0.00169063
243 -0.400548 -0.420829 0.00168575
244 -0.408376 -0.420778 0.0016796
245 -0.428574 -0.42081 0.00167303
246 -0.438439 -0.420882 0.00166776
247 -0.405244 -0.420819 0.0016622
248 -0.490853 -0.421101 0.0016794
249 -0.434821 -0.421156 0.00167355
250 -0.430305 -0.421193 0.00166724
251 -0.448629 -0.421302 0.00166418
252 -0.391284 -0.421183 0.00166184
253 -0.365761 -0.420964 0.00166969
254 -0.39573 -0.420864 0.00166606
255 -0.434401 -0.420918 0.00166037
256 -0.40795 -0.420867 0.00165464
257 -0.438456 -0.420935 0.00164961
258 -0.427296 -0.42096 0.00164339
259 -0.395132 -0.42086 0.00164007
260 -0.419735 -0.420856 0.00163376
261 -0.372053 -0.420669 0.00163819
262 -0.421875 -0.420674 0.00163193
263 -0.404041 -0.42061 0.00162694
264 -0.433662 -0.42066 0.00162152
265 -0.445979 -0.420755 0.00161822
266 -0.435796 -0.420812 0.00161311
267 -0.438327 -0.420877 0.0016084
268 -0.487967 -0.421128 0.00162182
269 -0.400682 -0.421052 0.00161757
270 -0.389006 -0.420933 0.00161593
271 -0.393903 -0.420833 0.00161304
272 -0.437118 -0.420893 0.00160822
273 -0.406435 -0.42084 0.00160319
274 -0.415325 -0.42082 0.00159745
275 -0.388921 -0.420704 0.00159586
276 -0.35857 -0.420479 0.00160592
277 -0.434353 -0.420529 0.0016009
278 -0.454956 -0.420653 0.00159993
279 -0.402917 -0.420589 0.00159545
280 -0.392952 -0.420491 0.0015928
281 -0.421191 -0.420493 0.00158713
282 -0.373607 -0.420327 0.0015902
283 -0.456067 -0.420453 0.0015896
284 -0.425324 -0.42047 0.00158409
285 -0.43885 -0.420535 0.00157983
286 -0.455128 -0.420656 0.00157894
287 -0.426935 -0.420678 0.00157358
288 -0.413275 -0.420652 0.00156832
289 -0.398112 -0.420574 0.00156483
290 -0.398612 -0.420498 0.00156126
291 -0.356071 -0.420277 0.00157156
292 -0.430073 -0.42031 0.00156653
293 -0.433266 -0.420355 0.0015618
294 -0.42386 -0.420367 0.00155652
295 -0.382447 -0.420238 0.00155655
296 -0.397631 -0.420162 0.00155316
297 -0.438346 -0.420223 0.00154914
298 -0.394403 -0.420136 0.00154636
299 -0.473235 -0.420314 0.00155138
300 -0.38627 -0.4202 0.00155035
301 -0.388531 -0.420095 0.00154877
302 -0.458465 -0.420222 0.00154886
303 -0.398989 -0.420152 0.00154533
304 -0.371233 -0.419991 0.00154862
305 -0.411728 -0.419964 0.00154377
306 -0.419846 -0.419964 0.00153872
307 -0.406598 -0.41992 0.00153431
308 -0.421268 -0.419925 0.00152933
309 -0.407199 -0.419883 0.00152493
310 -0.397924 -0.419812 0.00152165
311 -0.396505 -0.419738 0.0015186
312 -0.405505 -0.419692 0.00151441
313 -0.440358 -0.419758 0.00151101
314 -0.44094 -0.419825 0.0015077
315 -0.403338 -0.419773 0.00150382
316 -0.458544 -0.419896 0.00150406
317 -0.432784 -0.419936 0.00149986
318 -0.428048 -0.419962 0.00149536
319 -0.374984 -0.419821 0.00149731
320 -0.397035 -0.41975 0.00149433
321 -0.428247 -0.419776 0.0014899
322 -0.424716 -0.419792 0.00148534
323 -0.446519 -0.419874 0.00148305
324 -0.423766 -0.419886 0.00147851
325 -0.402804 -0.419834 0.00147489
326 -0.441546 -0.4199 0.00147187
327 -0.402866 -0.419848 0.00146829
328 -0.452357 -0.419947 0.00146715
329 -0.41871 -0.419944 0.00146269
330 -0.431775 -0.419979 0.00145869
331 -0.433551 -0.42002 0.00145486
332 -0.424944 -0.420035 0.00145055
333 -0.407501 -0.419998 0.00144667
334 -0.432844 -0.420036 0.00144285
335 -0.402146 -0.419983 0.00143953
336 -0.44611 -0.42006 0.00143734
337 -0.427449 -0.420082 0.00143324
338 -0.413137 -0.420062 0.00142914
339 -0.411539 -0.420037 0.00142514
340 -0.420352 -0.420038 0.00142094
341 -0.371844 -0.419896 0.0014238
342 -0.418119 -0.419891 0.00141964
343 -0.396041 -0.419822 0.0014172
344 -0.417906 -0.419816 0.00141309
345 -0.447263 -0.419896 0.00141123
346 -0.39789 -0.419832 0.00140858
347 -0.428846 -0.419858 0.00140475
348 -0.389705 -0.419771 0.00140339
349 -0.441494 -0.419834 0.00140075
350 -0.445594 -0.419907 0.00139868
351 -0.465294 -0.420036 0.00140067
352 -0.394448 -0.419964 0.00139857
353 -0.39923 -0.419905 0.00139584
354 -0.449086 -0.419987 0.00139433
355 -0.423383 -0.419997 0.00139043
356 -0.427146 -0.420017 0.00138667
357 -0.429831 -0.420045 0.00138305
358 -0.447457 -0.420121 0.0013813
359 -0.410565 -0.420095 0.00137771
360 -0.410342 -0.420067 0.00137414
361 -0.396442 -0.420002 0.00137189
362 -0.387204 -0.419911 0.00137109
363 -0.470755 -0.420051 0.00137447
364 -0.414761 -0.420037 0.00137076
365 -0.42262 -0.420044 0.00136702
366 -0.437533 -0.420092 0.00136412
367 -0.388189 -0.420005 0.00136317
368 -0.449294 -0.420084 0.00136179
369 -0.402772 -0.420038 0.0013589
370 -0.424821 -0.42005 0.00135529
371 -0.375497 -0.41993 0.00135695
372 -0.356491 -0.41976 0.001364
373 -0.404668 -0.419719 0.00136094
374 -0.439425 -0.419772 0.00135832
375 -0.444705 -0.419839 0.00135633
376 -0.42471 -0.419851 0.00135278
377 -0.424586 -0.419864 0.00134924
378 -0.432962 -0.419899 0.00134611
379 -0.404648 -0.419858 0.00134316
380 -0.423303 -0.419868 0.00133965
381 -0.422652 -0.419875 0.00133615
382 -0.42177 -0.41988 0.00133266
383 -0.423541 -0.419889 0.00132921
384 -0.457319 -0.419987 0.00132932
385 -0.420574 -0.419988 0.00132586
386 -0.465352 -0.420106 0.00132764
387 -0.434592 -0.420143 0.00132473
388 -0.451825 -0.420225 0.00132383
389 -0.425321 -0.420238 0.00132049
390 -0.404636 -0.420198 0.00131771
391 -0.41 -0.420172 0.00131459
392 -0.423887 -0.420181 0.00131127
393 -0.428052 -0.420201 0.00130808
394 -0.40217 -0.420156 0.00130556
395 -0.347232 -0.419971 0.00131527
396 -0.399903 -0.41992 0.00131292
397 -0.362595 -0.419776 0.00131755
398 -0.344847 -0.419588 0.00132765
399 -0.392018 -0.419519 0.00132612
400 -0.404312 -0.419481 0.00132335
401 -0.39506 -0.41942 0.00132145
402 -0.468647 -0.419542 0.00132383
403 -0.417749 -0.419538 0.00132055
404 -0.425218 -0.419552 0.00131735
405 -0.440376 -0.419603 0.0013151
406 -0.428507 -0.419625 0.00131204
407 -0.387846 -0.419547 0.00131114
408 -0.437048 -0.41959 0.00130863
409 -0.387426 -0.419511 0.00130779
410 -0.431514 -0.419541 0.00130492
411 -0.408058 -0.419513 0.00130204
412 -0.481391 -0.419663 0.00130753
413 -0.442905 -0.419719 0.00130558
414 -0.444696 -0.419779 0.00130382
415 -0.423865 -0.419789 0.00130071
416 -0.432929 -0.419821 0.00129796
417 -0.440812 -0.419871 0.00129582
418 -0.365534 -0.419741 0.00129924
419 -0.434521 -0.419777 0.00129662
420 -0.418195 -0.419773 0.00129353
421 -0.43694 -0.419814 0.0012911
422 -0.43659 -0.419853 0.00128865
423 -0.413198 -0.419838 0.00128569
424 -0.426809 -0.419854 0.00128276
425 -0.416895 -0.419847 0.00127976
426 -0.448397 -0.419914 0.00127851
427 -0.432019 -0.419942 0.00127583
428 -0.445502 -0.420002 0.00127424
429 -0.401441 -0.419959 0.00127201
430 -0.398543 -0.419909 0.00127002
431 -0.458692 -0.419999 0.00127026
432 -0.359648 -0.419859 0.001275
433 -0.383541 -0.419775 0.00127481
434 -0.390324 -0.419708 0.00127368
435 -0.432371 -0.419737 0.00127108
436 -0.428285 -0.419756 0.00126831
437 -0.346767 -0.419589 0.00127638
438 -0.422807 -0.419597 0.00127349
439 -0.395018 -0.419541 0.00127182
440 -0.407567 -0.419513 0.00126921
441 -0.433311 -0.419545 0.00126672
442 -0.424899 -0.419557 0.00126391
443 -0.427684 -0.419575 0.00126118
444 -0.413676 -0.419562 0.00125841
445 -0.458445 -0.419649 0.00125862
446 -0.422463 -0.419656 0.00125581
447 -0.415278 -0.419646 0.00125303
448 -0.447141 -0.419707 0.00125174
449 -0.45396 -0.419783 0.00125128
450 -0.418657 -0.419781 0.00124849
451 -0.466442 -0.419884 0.00125001
452 -0.39952 -0.419839 0.00124806
453 -0.46518 -0.419939 0.00124931
454 -0.413132 -0.419924 0.00124665
455 -0.431388 -0.41995 0.00124416
456 -0.424639 -0.41996 0.00124147
457 -0.446172 -0.420017 0.00124008
458 -0.421089 -0.42002 0.00123737
459 -0.37754 -0.419927 0.00123814
460 -0.415057 -0.419916 0.00123549
461 -0.433369 -0.419946 0.00123315
462 -0.356911 -0.419809 0.00123802
463 -0.434808 -0.419842 0.00123577
464 -0.406163 -0.419812 0.00123345
465 -0.422546 -0.419818 0.00123081
466 -0.322954 -0.41961 0.00124563
467 -0.362553 -0.419488 0.00124895
468 -0.392769 -0.419431 0.00124759
469 -0.398943 -0.419387 0.00124569
470 -0.414426 -0.419377 0.00124308
471 -0.424177 -0.419387 0.00124048
472 -0.449875 -0.419451 0.00123954
473 -0.425955 -0.419465 0.00123699
474 -0.432086 -0.419492 0.00123466
475 -0.47934 -0.419618 0.00123849
476 -0.360534 -0.419494 0.0012421
477 -0.398434 -0.41945 0.00124028
478 -0.422702 -0.419456 0.0012377
479 -0.436381 -0.419492 0.00123562
480 -0.379869 -0.419409 0.0012358
481 -0.317255 -0.419197 0.00125139
482 -0.455485 -0.419272 0.00125105
483 -0.373602 -0.419177 0.00125204
484 -0.405736 -0.41915 0.00124976
485 -0.442016 -0.419197 0.00124807
486 -0.436083 -0.419232 0.00124598
487 -0.37941 -0.41915 0.00124611
488 -0.438791 -0.41919 0.0012442
489 -0.451454 -0.419256 0.00124341
490 -0.401167 -0.419219 0.00124141
491 -0.422401 -0.419226 0.0012389
492 -0.39936 -0.419185 0.00123704
493 -0.422798 -0.419193 0.00123455
494 -0.423125 -0.419201 0.00123207
495 -0.443382 -0.419249 0.00123055
496 -0.410508 -0.419232 0.00122819
497 -0.417466 -0.419228 0.00122573
498 -0.418041 -0.419226 0.00122326
499 -0.425467 -0.419238 0.00122087
500 -0.369115 -0.419138 0.00122255
501 -0.410802 -0.419121 0.00122022
502 -0.43333 -0.41915 0.00121811
503 -0.457958 -0.419227 0.00121814
504 -0.400296 -0.419189 0.0012163
505 -0.419798 -0.419191 0.00121389
506 -0.41059 -0.419174 0.0012116
507 -0.45045 -0.419235 0.00121078
508 -0.395192 -0.419188 0.00120933
509 -0.425573 -0.4192 0.00120701
510 -0.442148 -0.419245 0.00120548
511 -0.404706 -0.419217 0.00120346
512 -0.398064 -0.419176 0.00120182
513 -0.415964 -0.419169 0.00119949
514 -0.45128 -0.419232 0.00119878
515 -0.425039 -0.419243 0.0011965
516 -0.407515 -0.41922 0.0011944
517 -0.441709 -0.419264 0.00119288
518 -0.384818 -0.419197 0.00119243
519 -0.43921 -0.419236 0.00119075
520 -0.444484 -0.419285 0.00118945
521 -0.397024 -0.419242 0.00118794
522 -0.440677 -0.419283 0.00118637
523 -0.403857 -0.419253 0.00118447
524 -0.416893 -0.419249 0.00118221
525 -0.407445 -0.419226 0.00118017
526 -0.409364 -0.419208 0.00117808
527 -0.423818 -0.419216 0.00117587
528 -0.436952 -0.41925 0.00117412
529 -0.434059 -0.419278 0.00117224
530 -0.440433 -0.419318 0.0011707
531 -0.435555 -0.419348 0.0011689
532 -0.449158 -0.419405 0.00116804
533 -0.437415 -0.419438 0.00116634
534 -0.384747 -0.419373 0.00116596
535 -0.426959 -0.419388 0.00116387
536 -0.42332 -0.419395 0.00116172
537 -0.434739 -0.419423 0.0011599
538 -0.433472 -0.41945 0.00115804
539 -0.415795 -0.419443 0.00115591
540 -0.402255 -0.419411 0.00115421
541 -0.470785 -0.419506 0.00115598
542 -0.405822 -0.419481 0.00115412
543 -0.387243 -0.419421 0.00115352
544 -0.413163 -0.41941 0.00115146
545 -0.4401 -0.419448 0.00114997
546 -0.435532 -0.419477 0.00114824
547 -0.408697 -0.419458 0.00114631
548 -0.429874 -0.419477 0.00114437
549 -0.445604 -0.419524 0.00114327
550 -0.463743 -0.419604 0.00114402
551 -0.42705 -0.419618 0.00114202
552 -0.41729 -0.419614 0.00113996
553 -0.414275 -0.419604 0.00113794
554 -0.396894 -0.419563 0.00113662
555 -0.417731 -0.41956 0.00113458
556 -0.433261 -0.419584 0.0011328
557 -0.413553 -0.419574 0.00113082
558 -0.427559 -0.419588 0.00112888
559 -0.400818 -0.419554 0.00112736
560 -0.441765 -0.419594 0.00112604
561 -0.448131 -0.419645 0.00112519
562 -0.36807 -0.419553 0.00112692
563 -0.433069 -0.419577 0.00112518
564 -0.451655 -0.419634 0.00112462
565 -0.391512 -0.419584 0.00112373
566 -0.420007 -0.419585 0.00112174
567 -0.413414 -0.419574 0.00111982
568 -0.428861 -0.41959 0.00111796
569 -0.483103 -0.419702 0.00112156
570 -0.462862 -0.419778 0.00112215
571 -0.385418 -0.419718 0.0011218
572 -0.406958 -0.419695 0.00112006
573 -0.414958 -0.419687 0.00111813
574 -0.411776 -0.419673 0.00111627
575 -0.416599 -0.419668 0.00111434
576 -0.426154 -0.419679 0.00111246
577 -0.442503 -0.419719 0.00111123
578 -0.419853 -0.419719 0.00110931
579 -0.460274 -0.419789 0.00110961
580 -0.395022 -0.419746 0.00110851
581 -0.405451 -0.419722 0.00110688
582 -0.345532 -0.419594 0.0011123
583 -0.423394 -0.419601 0.00111041
584 -0.405714 -0.419577 0.00110876
585 -0.434216 -0.419602 0.00110715
586 -0.437696 -0.419633 0.00110569
587 -0.393148 -0.419588 0.00110473
588 -0.415549 -0.419581 0.00110287
589 -0.424754 -0.41959 0.00110103
590 -0.398215 -0.419553 0.00109976
591 -0.406273 -0.419531 0.00109813
592 -0.411453 -0.419517 0.00109635
593 -0.421294 -0.41952 0.00109451
594 -0.409492 -0.419503 0.00109279
595 -0.403738 -0.419477 0.00109128
596 -0.463566 -0.419551 0.00109195
597 -0.429774 -0.419568 0.00109026
598 -0.413769 -0.419558 0.00108848
599 -0.37355 -0.419482 0.00108937
600 -0.411298 -0.419468 0.00108764
601 -0.42205 -0.419472 0.00108583
602 -0.401048 -0.419442 0.00108446
603 -0.405951 -0.419419 0.00108289
604 -0.386601 -0.419365 0.00108246
605 -0.422012 -0.419369 0.00108068
606 -0.433031 -0.419392 0.00107913
607 -0.42426 -0.4194 0.00107738
608 -0.377779 -0.419331 0.00107778
609 -0.458172 -0.419395 0.0010779
610 -0.430065 -0.419413 0.00107628
611 -0.409581 -0.419397 0.00107463
612 -0.407824 -0.419378 0.00107304
613 -0.418314 -0.419376 0.00107129
614 -0.451592 -0.419428 0.00107083
615 -0.401275 -0.419399 0.0010695
616 -0.421568 -0.419402 0.00106776
617 -0.420952 -0.419405 0.00106604
618 -0.454037 -0.419461 0.00106578
619 -0.427355 -0.419474 0.00106414
620 -0.423538 -0.41948 0.00106244
621 -0.428476 -0.419495 0.00106083
622 -0.443476 -0.419533 0.00105982
623 -0.416771 -0.419529 0.00105813
624 -0.44043 -0.419562 0.00105696
625 -0.409137 -0.419546 0.0010554
626 -0.415636 -0.419539 0.00105373
627 -0.446113 -0.419582 0.0010529
628 -0.421283 -0.419585 0.00105123
629 -0.399106 -0.419552 0.00105006
630 -0.402877 -0.419525 0.00104873
631 -0.378619 -0.419461 0.00104907
632 -0.447071 -0.419504 0.00104832
633 -0.407023 -0.419485 0.00104685
634 -0.425894 -0.419495 0.00104524
635 -0.383525 -0.419438 0.00104513
636 -0.449582 -0.419485 0.00104456
637 -0.40594 -0.419464 0.00104314
638 -0.41061 -0.41945 0.00104159
639 -0.458727 -0.419512 0.00104178
640 -0.412752 -0.419501 0.0010402
641 -0.425979 -0.419511 0.00103863
642 -0.411751 -0.419499 0.00103708
643 -0.442159 -0.419535 0.00103606
644 -0.432169 -0.419554 0.00103464
645 -0.431525 -0.419573 0.0010332
646 -0.413524 -0.419563 0.00103164
647 -0.404271 -0.41954 0.00103032
648 -0.391263 -0.419496 0.00102965
649 -0.404125 -0.419472 0.00102834
650 -0.42911 -0.419487 0.00102686
651 -0.433143 -0.419508 0.0010255
652 -0.408725 -0.419492 0.00102406
653 -0.4483 -0.419536 0.00102344
654 -0.43464 -0.419559 0.00102213
655 -0.43089 -0.419576 0.00102072
656 -0.396708 -0.419541 0.00101976
657 -0.422225 -0.419545 0.00101821
658 -0.415571 -0.419539 0.00101668
659 -0.411052 -0.419526 0.00101522
660 -0.424508 -0.419534 0.00101371
661 -0.458539 -0.419593 0.00101389
662 -0.437224 -0.41962 0.00101271
663 -0.389691 -0.419574 0.00101219
664 -0.417929 -0.419572 0.00101067
665 -0.396125 -0.419537 0.00100976
666 -0.417589 -0.419534 0.00100825
667 -0.422709 -0.419539 0.00100675
668 -0.436529 -0.419564 0.00100556
669 -0.432229 -0.419583 0.00100423
670 -0.447027 -0.419624 0.00100357
671 -0.419739 -0.419624 0.00100207
672 -0.436157 -0.419649 0.00100088
673 -0.453332 -0.419699 0.00100065
674 -0.427715 -0.419711 0.000999233
675 -0.43933 -0.41974 0.000998175
676 -0.437336 -0.419766 0.000997037
677 -0.416933 -0.419762 0.000995572
678 -0.433241 -0.419781 0.000994301
679 -0.411543 -0.419769 0.00099291
680 -0.421832 -0.419772 0.000991453
681 -0.475465 -0.419854 0.000993368
682 -0.459487 -0.419912 0.000993611
683 -0.459154 -0.41997 0.000993818
684 -0.443868 -0.420005 0.000992979
685 -0.401818 -0.419978 0.000991883
686 -0.436507 -0.420002 0.000990729
687 -0.45299 -0.42005 0.000990451
688 -0.452955 -0.420098 0.000990166
689 -0.430291 -0.420113 0.000988839
690 -0.424981 -0.42012 0.00098743
691 -0.418141 -0.420117 0.000986004
692 -0.439346 -0.420145 0.00098497
693 -0.439381 -0.420173 0.000983939
694 -0.43102 -0.420188 0.000982645
695 -0.45193 -0.420234 0.000982292
696 -0.419153 -0.420232 0.000980881
697 -0.35566 -0.42014 0.000983844
698 -0.469176 -0.42021 0.000984942
699 -0.415155 -0.420203 0.000983559
700 -0.443889 -0.420237 0.000982735
701 -0.431686 -0.420253 0.000981468
702 -0.372408 -0.420185 0.000982436
703 -0.401669 -0.420158 0.000981391
704 -0.442908 -0.420191 0.000980529
705 -0.444693 -0.420225 0.000979754
706 -0.419335 -0.420224 0.000978366
707 -0.42314 -0.420228 0.00097699
708 -0.417331 -0.420224 0.000975617
709 -0.439654 -0.420252 0.000974626
710 -0.413602 -0.420242 0.000973297
711 -0.416525 -0.420237 0.000971941
712 -0.403661 -0.420214 0.000970854
713 -0.425656 -0.420221 0.000969522
714 -0.482554 -0.420309 0.000972091
715 -0.458694 -0.420362 0.000972214
716 -0.42344 -0.420367 0.000970865
717 -0.388219 -0.420322 0.000970546
718 -0.412791 -0.420311 0.00096925
719 -0.426552 -0.42032 0.00096794
720 -0.452297 -0.420364 0.000967614
721 -0.437351 -0.420388 0.000966559
722 -0.410039 -0.420374 0.000965325
723 -0.446266 -0.420409 0.000964654
724 -0.462973 -0.420468 0.000965113
725 -0.426996 -0.420477 0.000963823
726 -0.44328 -0.420509 0.000963007
727 -0.455861 -0.420557 0.00096291
728 -0.427177 -0.420566 0.000961629
729 -0.313243 -0.420419 0.000971529
730 -0.443226 -0.42045 0.0009707
731 -0.418494 -0.420448 0.000969375
732 -0.462991 -0.420506 0.000969793
733 -0.425325 -0.420512 0.000968491
734 -0.354539 -0.420423 0.000971338
735 -0.46341 -0.420481 0.000971777
736 -0.44236 -0.420511 0.000970911
737 -0.413516 -0.420501 0.000969639
738 -0.388191 -0.420457 0.000969314
739 -0.393414 -0.420421 0.000968693
740 -0.40187 -0.420396 0.000967708
741 -0.429357 -0.420408 0.000966476
742 -0.45469 -0.420454 0.000966278
743 -0.431123 -0.420468 0.000965084
744 -0.397993 -0.420438 0.000964259
745 -0.412093 -0.420427 0.000963029
746 -0.389412 -0.420385 0.000962635
747 -0.416358 -0.42038 0.000961361
748 -0.402017 -0.420356 0.000960389
749 -0.331798 -0.420237 0.000966366
750 -0.416874 -0.420233 0.000965087
751 -0.397804 -0.420203 0.000964264
752 -0.444174 -0.420235 0.000963508
753 -0.394482 -0.420201 0.000962835
754 -0.485335 -0.420287 0.00096543
755 -0.415823 -0.420281 0.000964168
756 -0.426319 -0.420289 0.000962925
757 -0.376782 -0.420232 0.000963368
758 -0.435766 -0.420252 0.000962315
759 -0.411612 -0.420241 0.000961114
760 -0.436924 -0.420263 0.000960099
761 -0.425094 -0.420269 0.000958858
762 -0.402298 -0.420245 0.000957889
763 -0.402737 -0.420222 0.000956908
764 -0.409806 -0.420209 0.000955752
765 -0.430886 -0.420223 0.000954604
766 -0.405678 -0.420204 0.000953546
767 -0.392407 -0.420168 0.000952991
768 -0.411589 -0.420156 0.000951815
769 -0.352409 -0.420068 0.00095465
770 -0.412662 -0.420059 0.000953458
771 -0.394212 -0.420025 0.00095281
772 -0.454603 -0.42007 0.000952629
773 -0.449805 -0.420108 0.000952173
774 -0.407549 -0.420092 0.000951081
775 -0.443468 -0.420122 0.000950331
776 -0.403112 -0.4201 0.000949359
777 -0.412781 -0.420091 0.000948183
778 -0.404825 -0.420071 0.000947167
779 -0.411164 -0.42006 0.000946019
780 -0.375243 -0.420002 0.000946551
781 -0.393889 -0.419969 0.00094593
782 -0.360839 -0.419893 0.00094774
783 -0.449004 -0.419931 0.000947259
784 -0.464676 -0.419988 0.00094777
785 -0.445954 -0.420021 0.00094714
786 -0.3886 -0.419981 0.000946778
787 -0.436598 -0.420002 0.00094581
788 -0.434687 -0.420021 0.000944793
789 -0.443756 -0.420051 0.000944074
790 -0.400097 -0.420025 0.000943217
791 -0.439882 -0.42005 0.000942358
792 -0.416194 -0.420046 0.00094118
793 -0.367724 -0.41998 0.000942305
794 -0.437273 -0.420001 0.000941369
795 -0.453575 -0.420044 0.000941133
796 -0.421222 -0.420045 0.000939951
797 -0.419192 -0.420044 0.000938771
798 -0.432556 -0.42006 0.000937725
799 -0.416669 -0.420055 0.00093656
800 -0.439108 -0.420079 0.000935692
801 -0.409881 -0.420067 0.00093461
802 -0.462636 -0.42012 0.000934952
803 -0.369679 -0.420057 0.000935897
804 -0.413443 -0.420049 0.000934768
805 -0.43327 -0.420065 0.000933751
806 -0.417159 -0.420061 0.000932599
807 -0.395259 -0.420031 0.000931949
808 -0.41535 -0.420025 0.000930813
809 -0.412406 -0.420015 0.00092971
810 -0.44686 -0.420049 0.000929152
811 -0.443798 -0.420078 0.000928468
812 -0.404997 -0.420059 0.00092751
813 -0.45643 -0.420104 0.000927448
814 -0.450745 -0.420142 0.000927072
815 -0.390737 -0.420106 0.000926637
816 -0.444307 -0.420135 0.000925976
817 -0.425459 -0.420142 0.000924864
818 -0.399146 -0.420116 0.00092409
819 -0.464781 -0.420171 0.00092457
820 -0.437938 -0.420192 0.000923696
821 -0.402976 -0.420171 0.000922809
822 -0.388092 -0.420132 0.000922511
823 -0.422033 -0.420135 0.000921393
824 -0.409663 -0.420122 0.000920362
825 -0.416201 -0.420117 0.000919258
826 -0.406792 -0.420101 0.000918286
827 -0.453981 -0.420142 0.000918089
828 -0.436743 -0.420162 0.000917199
829 -0.415171 -0.420156 0.000916112
830 -0.411997 -0.420146 0.00091506
831 -0.434219 -0.420163 0.000914115
832 -0.408863 -0.42015 0.000913117
833 -0.432556 -0.420164 0.000912141
834 -0.377417 -0.420113 0.000912488
835 -0.430454 -0.420126 0.000911478
836 -0.389504 -0.420089 0.000911124
837 -0.388423 -0.420051 0.000910821
838 -0.391845 -0.420017 0.000910356
839 -0.446705 -0.420049 0.000909826
840 -0.430397 -0.420062 0.000908826
841 -0.385904 -0.420021 0.000908653
842 -0.424372 -0.420026 0.000907588
843 -0.430538 -0.420039 0.000906596
844 -0.418279 -0.420037 0.000905524
845 -0.454947 -0.420078 0.000905395
846 -0.481319 -0.42015 0.000907217
847 -0.40552 -0.420133 0.000906309
848 -0.398282 -0.420107 0.000905607
849 -0.445873 -0.420138 0.000905048
850 -0.399965 -0.420114 0.000904294
851 -0.456035 -0.420156 0.000904217
852 -0.444542 -0.420185 0.000903608
853 -0.410185 -0.420173 0.000902625
854 -0.421384 -0.420174 0.000901568
855 -0.4024 -0.420154 0.000900753
856 -0.430055 -0.420165 0.000899775
857 -0.422782 -0.420168 0.000898729
858 -0.395602 -0.42014 0.000898138
859 -0.428466 -0.420149 0.000897144
860 -0.420321 -0.420149 0.0008961
861 -0.483273 -0.420223 0.000898056
862 -0.363696 -0.420157 0.000899408
863 -0.432624 -0.420172 0.000898481
864 -0.420558 -0.420172 0.000897441
865 -0.41779 -0.420169 0.000896407
866 -0.437085 -0.420189 0.000895584
867 -0.435785 -0.420207 0.000894731
868 -0.406049 -0.420191 0.000893849
869 -0.428316 -0.4202 0.000892868
870 -0.429442 -0.420211 0.000891905
871 -0.43724 -0.42023 0.000891095
872 -0.44479 -0.420258 0.000890518
873 -0.422228 -0.42026 0.0008895
874 -0.433311 -0.420275 0.000888607
875 -0.40365 -0.420256 0.000887794
876 -0.417449 -0.420253 0.000886786
877 -0.422869 -0.420256 0.000885779
878 -0.404685 -0.420238 0.000884948
879 -0.438404 -0.420259 0.000884182
880 -0.414236 -0.420252 0.000883203
881 -0.39497 -0.420224 0.000882667
882 -0.439058 -0.420245 0.000881924
883 -0.423414 -0.420249 0.000880932
884 -0.400246 -0.420226 0.000880226
885 -0.439131 -0.420247 0.00087949
886 -0.387977 -0.420211 0.000879251
887 -0.409162 -0.420198 0.000878348
888 -0.412043 -0.420189 0.000877406
889 -0.397762 -0.420164 0.000876782
890 -0.436562 -0.420182 0.00087599
891 -0.407845 -0.420169 0.000875116
892 -0.442264 -0.420193 0.000874485
893 -0.45862 -0.420236 0.000874564
894 -0.412664 -0.420228 0.000873627
895 -0.385308 -0.420189 0.000873522
896 -0.426769 -0.420196 0.000872577
897 -0.388669 -0.420161 0.000872312
898 -0.409957 -0.42015 0.000871414
899 -0.422732 -0.420153 0.000870449
900 -0.41736 -0.420149 0.000869487
901 -0.398218 -0.420125 0.000868863
902 -0.425108 -0.420131 0.000867916
903 -0.407158 -0.420116 0.000867074
904 -0.405328 -0.4201 0.000866269
905 -0.445855 -0.420128 0.000865779
906 -0.404176 -0.420111 0.000865002
907 -0.394345 -0.420082 0.000864514
908 -0.435876 -0.4201 0.000863737
909 -0.451009 -0.420134 0.000863456
910 -0.413172 -0.420126 0.000862541
911 -0.43454 -0.420142 0.000861739
912 -0.41229 -0.420133 0.000860836
913 -0.435544 -0.42015 0.000860058
914 -0.384324 -0.420111 0.000860011
915 -0.436646 -0.420129 0.00085926
916 -0.443366 -0.420154 0.000858697
917 -0.441143 -0.420177 0.000858065
918 -0.439766 -0.420199 0.000857395
919 -0.397196 -0.420174 0.000856827
920 -0.418633 -0.420172 0.000855897
921 -0.426558 -0.420179 0.000854996
922 -0.41954 -0.420178 0.000854068
923 -0.435511 -0.420195 0.000853304
924 -0.457412 -0.420235 0.000853331
925 -0.428766 -0.420244 0.000852458
926 -0.440563 -0.420266 0.00085182
927 -0.423646 -0.42027 0.000850908
928 -0.434232 -0.420285 0.000850124
929 -0.431323 -0.420297 0.000849291
930 -0.407323 -0.420283 0.000848492
931 -0.437543 -0.420301 0.000847783
932 -0.41872 -0.4203 0.000846875
933 -0.43153 -0.420312 0.000846052
934 -0.403016 -0.420293 0.000845349
935 -0.403153 -0.420275 0.000844643
936 -0.44884 -0.420305 0.000844292
937 -0.412044 -0.420297 0.000843436
938 -0.417355 -0.420293 0.000842543
939 -0.373589 -0.420244 0.000843113
940 -0.406697 -0.420229 0.000842339
941 -0.305852 -0.420108 0.000850177
942 -0.379343 -0.420065 0.000850376
943 -0.367389 -0.420009 0.000851308
944 -0.405366 -0.419993 0.000850548
945 -0.404537 -0.419977 0.000849804
946 -0.396781 -0.419952 0.00084926
947 -0.433547 -0.419967 0.000848484
948 -0.408183 -0.419954 0.000847679
949 -0.46044 -0.419997 0.00084786
950 -0.427633 -0.420005 0.000847005
951 -0.427473 -0.420013 0.00084615
952 -0.467429 -0.420063 0.000846727
953 -0.425486 -0.420068 0.000845857
954 -0.418929 -0.420067 0.000844971
955 -0.427715 -0.420075 0.000844124
956 -0.425651 -0.420081 0.000843261
957 -0.402596 -0.420063 0.000842577
958 -0.402399 -0.420044 0.000841899
959 -0.390641 -0.420014 0.000841579
960 -0.386124 -0.419978 0.000841443
961 -0.400461 -0.419958 0.000840812
962 -0.425965 -0.419964 0.000839961
963 -0.425078 -0.419969 0.000839105
964 -0.388518 -0.419937 0.000838869
965 -0.432859 -0.41995 0.000838106
966 -0.427241 -0.419958 0.000837272
967 -0.433054 -0.419971 0.000836516
968 -0.365853 -0.419915 0.000837519
969 -0.428172 -0.419924 0.000836698
970 -0.421834 -0.419926 0.000835837
971 -0.432903 -0.419939 0.000835083
972 -0.442182 -0.419962 0.000834537
973 -0.418305 -0.41996 0.000833681
974 -0.372806 -0.419912 0.00083423
975 -0.445764 -0.419939 0.000833796
976 -0.415472 -0.419934 0.000832954
977 -0.429985 -0.419944 0.000832164
978 -0.465937 -0.419991 0.000832642
979 -0.440766 -0.420013 0.000832062
980 -0.438866 -0.420032 0.000831435
981 -0.411567 -0.420023 0.000830632
982 -0.422459 -0.420026 0.000829789
983 -0.367527 -0.419972 0.000830663
984 -0.402354 -0.419954 0.000830012
985 -0.428905 -0.419963 0.000829218
986 -0.398778 -0.419942 0.000828656
987 -0.425236 -0.419947 0.000827833
988 -0.416302 -0.419944 0.000827003
989 -0.400411 -0.419924 0.000826402
990 -0.424998 -0.419929 0.000825583
991 -0.435497 -0.419945 0.000824899
992 -0.383878 -0.419908 0.000824869
993 -0.418739 -0.419907 0.000824038
994 -0.448204 -0.419936 0.000823701
995 -0.43964 -0.419955 0.000823111
996 -0.434577 -0.41997 0.000822415
997 -0.420342 -0.41997 0.00082159
998 -0.413464 -0.419964 0.000820792
999 -0.380351 -0.419924 0.000820929
1000 -0.426579 -0.419931 0.000820134
