# Energy calculation - Metropolis algorithm
# Total number of throws: M = 1000
# Number of blocks: N = 1000
# Throws per block: L = 1
# Initial position: x0 = 0
# Uniform proposal half-width: delta = 1.2
# Acceptance rate: A = accepted/attempted = 0.502
# Wavefunction parameters: (mu,sigma) = (1, 0.5)
# Columns:
# 1) block index
# 2) block average
# 3) progressive average
# 4) progressive statistical uncertainty
1 0.530345 0.530345 0
2 0.530345 0.530345 0
3 0.518064 0.526251 0.00409359
4 -1.10567 0.118271 0.407991
5 -1.10567 -0.126518 0.399744
6 0.407596 -0.0374987 0.338311
7 -5.3537 -0.796956 0.811498
8 0.530661 -0.631004 0.722106
9 0.530661 -0.50193 0.649786
10 0.530661 -0.398671 0.590288
11 0.530661 -0.314186 0.540578
12 -0.655826 -0.342656 0.494299
13 -0.681528 -0.368723 0.455435
14 -0.745929 -0.395667 0.422511
15 -0.745929 -0.419017 0.394029
16 -0.790702 -0.442248 0.369312
17 -0.34989 -0.436815 0.34695
18 -0.34989 -0.431986 0.327144
19 -0.34989 -0.427665 0.309477
20 -0.339128 -0.423238 0.293629
21 0.521471 -0.378252 0.282897
22 -0.266506 -0.373173 0.269779
23 -4.81147 -0.566142 0.322008
24 0.401982 -0.525803 0.310927
25 0.525788 -0.48374 0.301183
26 0.525788 -0.444912 0.29196
27 0.525788 -0.40896 0.28323
28 0.525788 -0.375576 0.274961
29 0.525788 -0.344494 0.267125
30 -5.14702 -0.504579 0.303687
31 0.477423 -0.472901 0.29543
32 -0.851415 -0.48473 0.286294
33 0.089707 -0.467323 0.278028
34 0.089707 -0.450939 0.270224
35 0.366393 -0.427587 0.263427
36 0.251349 -0.408728 0.256699
37 -5.95873 -0.558728 0.29126
38 0.529251 -0.530097 0.284934
39 -0.513794 -0.529679 0.277532
40 -0.768452 -0.535648 0.27057
41 0.287422 -0.515573 0.264651
42 0.287422 -0.496454 0.25898
43 0.287422 -0.478224 0.253541
44 0.26157 -0.461411 0.248282
45 0.520273 -0.439596 0.24368
46 0.520273 -0.418729 0.239236
47 0.340276 -0.40258 0.234647
48 0.340276 -0.387104 0.230227
49 0.529921 -0.368389 0.226255
50 0.529921 -0.350423 0.22241
51 0.529921 -0.333161 0.218688
52 0.529921 -0.316563 0.215083
53 0.529921 -0.300592 0.211589
54 -3.62531 -0.362161 0.21657
55 -0.537445 -0.365348 0.21262
56 0.323996 -0.353038 0.209151
57 0.323996 -0.34116 0.205792
58 0.0781399 -0.333931 0.202342
59 0.0781399 -0.326947 0.199005
60 0.0781399 -0.320195 0.195777
61 0.506513 -0.306643 0.193017
62 0.506513 -0.293527 0.190331
63 0.506513 -0.280828 0.187716
64 0.506513 -0.268526 0.185168
65 -4.11603 -0.327718 0.191666
66 0.141013 -0.320616 0.188874
67 -0.842257 -0.328402 0.186196
68 0.518965 -0.315941 0.18386
69 0.4794 -0.304414 0.181542
70 -5.99307 -0.385681 0.19652
71 0.463959 -0.373714 0.194102
72 0.463959 -0.36208 0.19174
73 0.463959 -0.350764 0.189434
74 0.463959 -0.339754 0.18718
75 0.463959 -0.329038 0.184978
76 0.463959 -0.318604 0.182826
77 0.463959 -0.308441 0.180722
78 0.463959 -0.298538 0.178665
79 0.463959 -0.288886 0.176653
80 0.251919 -0.282126 0.174562
81 0.530638 -0.272092 0.172685
82 0.530638 -0.262303 0.170847
83 0.529602 -0.252762 0.169045
84 -0.0051229 -0.249814 0.167047
85 -0.429704 -0.25193 0.165083
86 -0.429704 -0.253997 0.163165
87 -0.429704 -0.256017 0.161292
88 -0.429704 -0.25799 0.15946
89 -0.429704 -0.25992 0.15767
90 0.432206 -0.252229 0.156098
91 0.353908 -0.245569 0.154517
92 0.353908 -0.239053 0.152967
93 0.511302 -0.230984 0.151528
94 0.511302 -0.223088 0.150115
95 0.511302 -0.215357 0.148728
96 0.511302 -0.207788 0.147365
97 0.511302 -0.200375 0.146026
98 0.511302 -0.193113 0.144711
99 0.174438 -0.1894 0.14329
100 -0.230304 -0.189809 0.14185
101 -0.85603 -0.196405 0.140593
102 -5.4159 -0.247577 0.148315
103 0.518831 -0.240136 0.147057
104 0.43542 -0.23364 0.145781
105 -0.77984 -0.238842 0.144479
106 -0.77984 -0.243946 0.143201
107 -0.79196 -0.249067 0.141949
108 -0.784292 -0.254023 0.140715
109 -0.784292 -0.258888 0.139503
110 0.206693 -0.254656 0.138294
111 0.159945 -0.25092 0.137093
112 0.159945 -0.247252 0.135913
113 0.159945 -0.243648 0.134753
114 0.159945 -0.240108 0.133613
115 0.159945 -0.236629 0.132492
116 -0.68133 -0.240463 0.131401
117 -0.68133 -0.244231 0.130327
118 -0.420508 -0.245725 0.129227
119 0.487472 -0.239564 0.128284
120 0.364082 -0.234533 0.12731
121 0.196283 -0.230973 0.126304
122 0.196283 -0.227471 0.125313
123 0.196283 -0.224026 0.124338
124 0.196283 -0.220636 0.123378
125 0.53011 -0.21463 0.122534
126 0.53011 -0.208719 0.121701
127 -0.249265 -0.209039 0.120739
128 0.437908 -0.203984 0.119899
129 0.197473 -0.200872 0.119007
130 -0.498567 -0.203162 0.11811
131 -1.77389 -0.215152 0.117816
132 -1.77389 -0.226961 0.117515
133 -0.06454 -0.22574 0.116635
134 -0.124382 -0.224983 0.115764
135 -0.124382 -0.224238 0.114905
136 -0.0811518 -0.223186 0.114062
137 -0.677615 -0.226503 0.113275
138 -0.677615 -0.229772 0.112499
139 -0.677615 -0.232994 0.111733
140 -0.677615 -0.23617 0.110977
141 -0.742142 -0.239758 0.110246
142 0.318855 -0.235824 0.109537
143 0.318855 -0.231946 0.108838
144 -0.780808 -0.235757 0.108147
145 -0.383813 -0.236778 0.107403
146 0.0188766 -0.235027 0.106679
147 0.108371 -0.232691 0.105977
148 0.108371 -0.230387 0.105284
149 0.108371 -0.228113 0.104599
150 -0.277057 -0.228439 0.1039
151 0.421502 -0.224135 0.103299
152 0.421502 -0.219887 0.102705
153 -5.10387 -0.251809 0.106909
154 0.471262 -0.247114 0.106316
155 -0.279016 -0.247319 0.105628
156 -4.20679 -0.272701 0.107974
157 0.192276 -0.269739 0.107325
158 0.192276 -0.266815 0.106684
159 0.192276 -0.263928 0.10605
160 0.332773 -0.260198 0.105451
161 0.332773 -0.256515 0.104859
162 -0.424519 -0.257552 0.104215
163 0.115014 -0.255267 0.103599
164 0.115014 -0.253009 0.10299
165 -2.30926 -0.265471 0.10312
166 0.343848 -0.2618 0.102562
167 0.343848 -0.258174 0.102011
168 0.343848 -0.25459 0.101465
169 -0.112201 -0.253748 0.100866
170 -0.112201 -0.252915 0.100275
171 -0.112201 -0.252092 0.09969
172 -0.112201 -0.251279 0.099112
173 -0.112201 -0.250475 0.0985407
174 -0.112201 -0.24968 0.097976
175 0.343844 -0.246289 0.0974735
176 0.343844 -0.242936 0.0969761
177 0.343844 -0.23962 0.0964836
178 0.343844 -0.236343 0.095996
179 0.343844 -0.233101 0.0955132
180 0.343844 -0.229896 0.0950352
181 0.343844 -0.226726 0.0945618
182 0.343844 -0.223591 0.0940931
183 0.385693 -0.220262 0.0936367
184 0.385693 -0.216969 0.0931846
185 0.194647 -0.214744 0.0927063
186 0.28185 -0.212074 0.0922451
187 0.28185 -0.209432 0.0917885
188 -0.0981663 -0.208841 0.0913009
189 -0.0981663 -0.208255 0.0908184
190 -0.0981663 -0.207676 0.090341
191 -0.0981663 -0.207102 0.0898686
192 -0.240054 -0.207274 0.0893995
193 -0.240054 -0.207444 0.0889352
194 -0.534261 -0.209128 0.0884917
195 0.518959 -0.205395 0.0881158
196 0.528136 -0.201652 0.087745
197 0.528136 -0.197948 0.087377
198 -0.684709 -0.200406 0.0869693
199 -0.684709 -0.20284 0.0865654
200 -0.684709 -0.205249 0.0861652
201 -0.684709 -0.207634 0.0857686
202 -0.247538 -0.207832 0.0853432
203 -0.17201 -0.207655 0.0849219
204 -0.17201 -0.207481 0.0845048
205 -0.705603 -0.209911 0.0841267
206 -0.79103 -0.212732 0.0837648
207 0.0598659 -0.211415 0.0833695
208 0.479661 -0.208092 0.0830343
209 0.524563 -0.204587 0.0827103
210 0.524563 -0.201115 0.0823887
211 0.524563 -0.197675 0.0820694
212 0.524563 -0.194268 0.0817524
213 0.524563 -0.190894 0.0814376
214 -0.562372 -0.19263 0.0810748
215 -0.0148516 -0.191803 0.080701
216 -0.579676 -0.193598 0.0803466
217 -0.264787 -0.193926 0.0799762
218 -0.264787 -0.194252 0.0796091
219 -0.264787 -0.194574 0.0792455
220 -0.264787 -0.194893 0.0788851
221 -0.264787 -0.195209 0.0785279
222 0.511848 -0.192024 0.0782383
223 -0.0148205 -0.191229 0.0778907
224 -0.0148205 -0.190442 0.0775462
225 0.0502917 -0.189372 0.0772082
226 0.0502917 -0.188312 0.0768731
227 -2.63693 -0.199098 0.0772901
228 -4.31302 -0.217142 0.0790375
229 -5.21979 -0.238988 0.0816677
230 -4.87275 -0.259134 0.0837705
231 -0.0901216 -0.258403 0.0834103
232 -0.17339 -0.258036 0.0830508
233 0.495034 -0.254804 0.0827567
234 0.495034 -0.2516 0.0824646
235 0.495034 -0.248423 0.0821744
236 0.495034 -0.245272 0.0818861
237 0.482066 -0.242203 0.0815976
238 -0.0362976 -0.241338 0.0812586
239 0.067192 -0.240047 0.0809282
240 0.067192 -0.238767 0.0806004
241 0.067192 -0.237498 0.0802753
242 0.067192 -0.236239 0.0799528
243 0.067192 -0.23499 0.0796329
244 -0.100734 -0.23444 0.0793078
245 0.351776 -0.232047 0.0790197
246 0.351776 -0.229674 0.0787336
247 0.351776 -0.22732 0.0784495
248 0.0478956 -0.22621 0.0781404
249 0.307218 -0.224068 0.0778554
250 -0.902421 -0.226781 0.0775909
251 -0.902421 -0.229473 0.077328
252 0.188953 -0.227812 0.0770384
253 -0.39396 -0.228469 0.0767361
254 0.426941 -0.225889 0.0764769
255 0.499588 -0.223044 0.0762295
256 0.499588 -0.220221 0.0759836
257 0.499588 -0.21742 0.0757392
258 0.499588 -0.214641 0.0754962
259 -0.604881 -0.216148 0.0752193
260 -0.604881 -0.217643 0.0749443
261 -0.604881 -0.219127 0.0746714
262 -0.604881 -0.220599 0.0744004
263 -0.604881 -0.22206 0.0741314
264 -0.815988 -0.22431 0.0738843
265 0.199644 -0.22271 0.0736223
266 0.199644 -0.221122 0.0733622
267 -4.81261 -0.238319 0.0750828
268 0.386377 -0.235988 0.0748384
269 0.386377 -0.233674 0.0745956
270 -0.442624 -0.234448 0.0743228
271 -1.70957 -0.239891 0.0742478
272 0.389618 -0.237577 0.0740106
273 0.389618 -0.23528 0.0737747
274 0.389618 -0.232999 0.0735404
275 0.389618 -0.230735 0.0733074
276 0.53061 -0.227976 0.0730934
277 0.53061 -0.225238 0.0728805
278 -5.59587 -0.244557 0.0751437
279 0.296246 -0.242618 0.074899
280 0.296246 -0.240694 0.0746558
281 0.296246 -0.238783 0.0744142
282 0.296246 -0.236886 0.0741741
283 0.471186 -0.234384 0.0739539
284 -0.538262 -0.235454 0.0737008
285 -1.1896 -0.238801 0.073518
286 -0.723328 -0.240496 0.0732801
287 0.433178 -0.238148 0.073062
288 0.433178 -0.235817 0.0728452
289 0.433178 -0.233502 0.0726296
290 -5.98354 -0.25333 0.0750454
291 -3.13473 -0.263232 0.0754397
292 -5.42528 -0.28091 0.0772314
293 -5.43829 -0.298512 0.0789545
294 0.469135 -0.295901 0.0787288
295 0.496233 -0.293216 0.0785074
296 0.308335 -0.291184 0.0782681
297 0.373068 -0.288947 0.0780362
298 0.373068 -0.286726 0.0778056
299 0.373068 -0.284519 0.0775763
300 0.373068 -0.282327 0.0773484
301 0.373068 -0.28015 0.0771217
302 0.373068 -0.277987 0.0768963
303 0.373068 -0.275838 0.0766723
304 0.191959 -0.274299 0.0764351
305 0.191959 -0.27277 0.0761994
306 0.477816 -0.270317 0.0759896
307 0.477816 -0.267881 0.0757809
308 0.477816 -0.265459 0.0755732
309 0.419057 -0.263244 0.0753608
310 0.43352 -0.260997 0.0751509
311 0.43352 -0.258763 0.0749422
312 -0.301703 -0.258901 0.0747017
313 0.498284 -0.256482 0.074502
314 0.498284 -0.254078 0.0743032
315 0.498284 -0.25169 0.0741055
316 0.224221 -0.250184 0.0738859
317 -0.78483 -0.25187 0.0736718
318 -0.569747 -0.25287 0.0734465
319 -0.631396 -0.254056 0.0732256
320 -0.631396 -0.255236 0.0730059
321 -1.06029 -0.257744 0.0728213
322 0.0649797 -0.256741 0.0726017
323 0.0649797 -0.255745 0.0723835
324 0.0649797 -0.254755 0.0721665
325 -0.739981 -0.256248 0.0719596
326 -0.739981 -0.257732 0.0717539
327 -0.739981 -0.259207 0.0715493
328 -0.739981 -0.260673 0.0713459
329 0.0393766 -0.259761 0.0711345
330 0.0393766 -0.258854 0.0709244
331 0.0393766 -0.257953 0.0707156
332 0.0393766 -0.257058 0.0705079
333 0.442659 -0.254956 0.0703273
334 0.25951 -0.253416 0.0701333
335 0.25951 -0.251885 0.0699404
336 0.25951 -0.250363 0.0697486
337 0.25951 -0.24885 0.0695577
338 -0.294913 -0.248986 0.0693518
339 -0.294913 -0.249122 0.069147
340 -0.303991 -0.249283 0.0689436
341 -0.790066 -0.250869 0.0687594
342 -0.790066 -0.252446 0.0685761
343 -0.790066 -0.254013 0.0683939
344 0.208464 -0.252669 0.068208
345 0.208464 -0.251332 0.0680232
346 0.282447 -0.249789 0.0678438
347 0.282447 -0.248256 0.0676654
348 0.282447 -0.246731 0.0674879
349 0.514177 -0.24455 0.0673296
350 0.511502 -0.24239 0.0671717
351 0.297612 -0.240852 0.0669977
352 0.297612 -0.239322 0.0668246
353 0.525403 -0.237156 0.0666702
354 0.525403 -0.235001 0.0665165
355 -1.25075 -0.237863 0.0663906
356 -2.28773 -0.243621 0.0664538
357 -0.71513 -0.244941 0.0662805
358 -3.34452 -0.2536 0.0666598
359 0.528034 -0.251422 0.0665095
360 0.528034 -0.249257 0.0663598
361 -1.98162 -0.254056 0.0663495
362 -0.415753 -0.254503 0.0661675
363 -0.543095 -0.255298 0.0659897
364 -0.543095 -0.256088 0.0658129
365 -0.543095 -0.256875 0.0656371
366 -0.543095 -0.257657 0.0654622
367 -5.67043 -0.272405 0.0669288
368 -5.84393 -0.287545 0.0684422
369 -5.37029 -0.30132 0.0696325
370 0.230805 -0.299882 0.0694589
371 0.230805 -0.298451 0.0692862
372 0.320451 -0.296787 0.0691198
373 0.320451 -0.295133 0.0689541
374 0.320451 -0.293487 0.0687891
375 -0.253834 -0.293381 0.0686055
376 -0.238778 -0.293236 0.068423
377 -0.238778 -0.293091 0.0682414
378 -0.238778 -0.292948 0.0680608
379 -0.238778 -0.292805 0.0678811
380 -0.238778 -0.292662 0.0677024
381 -0.156213 -0.292304 0.0675254
382 -0.156213 -0.291948 0.0673494
383 -0.750438 -0.293145 0.0671839
384 -0.239018 -0.293004 0.0670089
385 0.482633 -0.29099 0.066865
386 0.482633 -0.288985 0.0667216
387 0.482633 -0.286992 0.0665789
388 0.482633 -0.285008 0.0664367
389 0.530602 -0.282911 0.0662988
390 0.458768 -0.28101 0.066156
391 0.458768 -0.279117 0.0660137
392 0.458768 -0.277235 0.0658719
393 0.458768 -0.275362 0.0657308
394 0.458768 -0.273499 0.0655902
395 0.338724 -0.271949 0.0654423
396 0.338724 -0.270407 0.0652951
397 -0.387871 -0.270703 0.0651311
398 0.521065 -0.268714 0.0649977
399 0.521065 -0.266734 0.0648648
400 0.521065 -0.264765 0.0647324
401 0.521065 -0.262805 0.0646005
402 0.521065 -0.260855 0.0644691
403 0.521065 -0.258915 0.0643382
404 0.514888 -0.256999 0.0642073
405 0.514888 -0.255094 0.0640769
406 0.0482956 -0.254346 0.0639233
407 0.0482956 -0.253603 0.0637703
408 0.0482956 -0.252863 0.0636181
409 0.0482956 -0.252126 0.0634667
410 0.467328 -0.250372 0.063336
411 0.467328 -0.248625 0.0632058
412 0.467328 -0.246888 0.0630762
413 -0.436233 -0.247346 0.0629249
414 -0.436233 -0.247802 0.0627744
415 -0.436233 -0.248256 0.0626246
416 -0.0687922 -0.247825 0.0624754
417 -0.229613 -0.247781 0.0623254
418 -0.280261 -0.247859 0.0621762
419 -0.819987 -0.249225 0.0620426
420 -0.265771 -0.249264 0.0618947
421 0.517739 -0.247442 0.0617744
422 0.517739 -0.245629 0.0616545
423 0.280952 -0.244384 0.0615212
424 0.280952 -0.243145 0.0613884
425 0.280952 -0.241912 0.0612562
426 0.280952 -0.240684 0.0611246
427 0.280952 -0.239463 0.0609935
428 0.428886 -0.237901 0.0608709
429 0.428886 -0.236347 0.0607487
430 0.428886 -0.2348 0.060627
431 -0.0330759 -0.234332 0.060488
432 -0.0330759 -0.233866 0.0603496
433 -0.0330759 -0.233402 0.0602119
434 -0.69532 -0.234467 0.0600824
435 -0.69532 -0.235526 0.0599535
436 0.444898 -0.233965 0.0598362
437 0.444898 -0.232412 0.0597193
438 0.444898 -0.230866 0.0596028
439 0.15345 -0.22999 0.0594734
440 -0.670862 -0.230992 0.0593465
441 -0.345501 -0.231252 0.0592123
442 -0.345501 -0.23151 0.0590788
443 -0.74175 -0.232662 0.0589565
444 -0.74175 -0.233809 0.0588348
445 -0.657689 -0.234761 0.0587101
446 0.135724 -0.233931 0.0585842
447 0.135724 -0.233104 0.0584589
448 0.135724 -0.23228 0.0583341
449 0.135724 -0.231461 0.0582098
450 0.135724 -0.230645 0.058086
451 0.148413 -0.229804 0.0579632
452 0.148413 -0.228967 0.0578408
453 0.148413 -0.228134 0.057719
454 0.148413 -0.227305 0.0575977
455 0.148413 -0.226479 0.0574769
456 0.148413 -0.225657 0.0573566
457 0.287795 -0.224534 0.057242
458 0.287795 -0.223415 0.0571278
459 0.287795 -0.222301 0.0570141
460 0.287795 -0.221192 0.0569009
461 0.287795 -0.220088 0.056788
462 0.287795 -0.218989 0.0566756
463 0.359194 -0.21774 0.0565669
464 0.359194 -0.216497 0.0564585
465 0.359194 -0.215259 0.0563506
466 0.359194 -0.214026 0.056243
467 0.528098 -0.212437 0.056145
468 0.528098 -0.210854 0.0560472
469 0.528098 -0.209279 0.0559498
470 -0.521098 -0.209942 0.0558345
471 -0.0255052 -0.209551 0.0557173
472 -1.2079 -0.211666 0.0556393
473 0.120096 -0.210964 0.055526
474 -0.460148 -0.21149 0.0554112
475 0.202564 -0.210618 0.0553013
476 0.202564 -0.20975 0.0551918
477 0.202564 -0.208886 0.0550828
478 0.202564 -0.208025 0.0549742
479 -3.8847 -0.215701 0.0553936
480 -5.99124 -0.227733 0.0565725
481 0.494885 -0.226231 0.0564748
482 0.530203 -0.224662 0.0563793
483 0.530203 -0.223099 0.0562842
484 -0.249494 -0.223153 0.0561678
485 -0.249494 -0.223208 0.0560519
486 0.520098 -0.221678 0.0559573
487 0.520098 -0.220155 0.0558631
488 0.520098 -0.218638 0.0557691
489 0.520098 -0.217127 0.0556755
490 0.217455 -0.216241 0.0555688
491 0.217455 -0.215357 0.0554625
492 0.217455 -0.214478 0.0553567
493 -1.43689 -0.216957 0.0552999
494 -1.43689 -0.219427 0.0552431
495 -1.43689 -0.221886 0.0551862
496 0.487134 -0.220457 0.0550934
497 0.487134 -0.219033 0.0550008
498 0.487134 -0.217615 0.0549086
499 0.487134 -0.216203 0.0548166
500 0.487134 -0.214796 0.054725
501 0.487134 -0.213395 0.0546336
502 0.515861 -0.211942 0.054544
503 -0.0152444 -0.211551 0.0544369
504 -0.0152444 -0.211162 0.0543302
505 -0.500469 -0.211735 0.0542255
506 -0.786949 -0.212871 0.0541302
507 0.0813552 -0.212291 0.0540264
508 0.0813552 -0.211713 0.053923
509 0.0813552 -0.211137 0.0538201
510 -0.713058 -0.212121 0.0537235
511 0.528943 -0.210671 0.0536378
512 0.190973 -0.209887 0.0535387
513 0.190973 -0.209105 0.05344
514 -1.22421 -0.21108 0.0533724
515 0.183975 -0.210313 0.0532742
516 0.183975 -0.209549 0.0531764
517 -0.417391 -0.209951 0.0530749
518 -0.417391 -0.210351 0.0529739
519 0.432659 -0.209112 0.0528862
520 0.432659 -0.207878 0.0527989
521 0.432659 -0.206649 0.0527118
522 0.432659 -0.205424 0.0526249
523 0.432659 -0.204204 0.0525384
524 -1.61423 -0.206895 0.052507
525 0.0680752 -0.206371 0.0524095
526 0.0680752 -0.205849 0.0523124
527 0.0680752 -0.20533 0.0522156
528 0.164237 -0.20463 0.0521214
529 0.164237 -0.203932 0.0520274
530 0.164237 -0.203238 0.0519338
531 0.164237 -0.202546 0.0518405
532 0.164237 -0.201856 0.0517476
533 0.494791 -0.200549 0.0516669
534 0.494791 -0.199247 0.0515865
535 0.494791 -0.19795 0.0515063
536 0.494791 -0.196657 0.0514264
537 0.494791 -0.19537 0.0513467
538 0.494791 -0.194087 0.0512672
539 0.428425 -0.192932 0.051185
540 0.428425 -0.191781 0.0511031
541 -0.146483 -0.191698 0.0510086
542 0.426996 -0.190556 0.0509272
543 0.426996 -0.189419 0.0508461
544 0.197298 -0.188708 0.0507575
545 0.00548275 -0.188352 0.0506655
546 -0.980989 -0.189803 0.0505935
547 -0.114753 -0.189666 0.0505011
548 -0.114753 -0.189529 0.0504091
549 -0.114753 -0.189393 0.0503173
550 -0.114753 -0.189258 0.050226
551 0.412727 -0.188165 0.0501466
552 -0.58756 -0.188889 0.0500609
553 -0.927948 -0.190225 0.0499882
554 -0.230596 -0.190298 0.0498979
555 -0.230596 -0.190371 0.049808
556 0.308626 -0.189473 0.0497264
557 0.496373 -0.188242 0.0496523
558 0.496373 -0.187015 0.0495785
559 0.496373 -0.185792 0.0495048
560 0.500163 -0.184567 0.0494315
561 0.500163 -0.183347 0.0493584
562 0.500163 -0.182131 0.0492855
563 0.500163 -0.180919 0.0492128
564 0.500163 -0.179711 0.0491403
565 0.500163 -0.178508 0.049068
566 0.500163 -0.177309 0.0489959
567 0.500163 -0.176114 0.048924
568 0.500163 -0.174923 0.0488523
569 0.500163 -0.173737 0.0487808
570 0.500163 -0.172555 0.0487095
571 0.500163 -0.171376 0.0486384
572 -0.120168 -0.171287 0.0485534
573 0.447544 -0.170207 0.0484806
574 0.283981 -0.169416 0.0484025
575 0.476286 -0.168293 0.0483313
576 0.476286 -0.167174 0.0482603
577 0.476286 -0.166058 0.0481895
578 0.476286 -0.164947 0.0481189
579 0.476286 -0.16384 0.0480485
580 0.476286 -0.162736 0.0479783
581 0.518543 -0.161563 0.04791
582 0.518543 -0.160395 0.0478419
583 -0.67329 -0.161275 0.0477678
584 -0.67329 -0.162151 0.047694
585 -0.67329 -0.163025 0.0476204
586 -1.80893 -0.165834 0.047622
587 -1.80893 -0.168633 0.0476231
588 -0.485458 -0.169172 0.0475451
589 -0.485458 -0.169709 0.0474674
590 -0.46606 -0.170211 0.0473895
591 -0.46606 -0.170712 0.0473119
592 -0.46606 -0.17121 0.0472346
593 -0.46606 -0.171708 0.0471575
594 -0.46606 -0.172203 0.0470806
595 -0.46606 -0.172697 0.047004
596 -0.119689 -0.172608 0.0469252
597 -0.119689 -0.17252 0.0468466
598 -0.119689 -0.172431 0.0467683
599 -0.119689 -0.172343 0.0466902
600 -0.119689 -0.172255 0.0466124
601 -0.0174711 -0.171998 0.0465355
602 -0.0174711 -0.171741 0.0464588
603 -0.0174711 -0.171485 0.0463824
604 -0.0174711 -0.17123 0.0463063
605 -0.0174711 -0.170976 0.0462304
606 -0.0174711 -0.170723 0.0461547
607 0.522463 -0.169581 0.0460928
608 0.522463 -0.168443 0.046031
609 -0.370145 -0.168774 0.0459565
610 0.176864 -0.168207 0.0458846
611 0.30577 -0.167431 0.045816
612 0.528281 -0.166295 0.0457552
613 0.403997 -0.165364 0.04569
614 0.403997 -0.164437 0.0456249
615 0.403997 -0.163513 0.0455601
616 0.403997 -0.162592 0.0454954
617 0.403997 -0.161673 0.0454309
618 -0.485823 -0.162198 0.0453603
619 -0.485823 -0.162721 0.04529
620 -0.435534 -0.163161 0.045219
621 0.379229 -0.162287 0.0451546
622 0.379229 -0.161417 0.0450904
623 0.379229 -0.160549 0.0450263
624 -0.792683 -0.161562 0.0449655
625 -0.754553 -0.162511 0.0449035
626 -0.754553 -0.163456 0.0448417
627 -0.754553 -0.164399 0.0447801
628 -0.656688 -0.165183 0.0447156
629 -0.656688 -0.165964 0.0446513
630 -0.78098 -0.166941 0.044591
631 -0.78098 -0.167914 0.0445309
632 -0.78098 -0.168884 0.044471
633 -0.78098 -0.169851 0.0444112
634 0.322815 -0.169074 0.0443479
635 -1.42185 -0.171047 0.0443219
636 -1.52423 -0.173174 0.0443033
637 0.325598 -0.172391 0.0442406
638 0.325598 -0.171611 0.0441781
639 0.325598 -0.170833 0.0441158
640 -0.138626 -0.170782 0.0440469
641 0.375217 -0.16993 0.0439863
642 0.375217 -0.169081 0.043926
643 -0.455788 -0.169527 0.0438599
644 -0.455788 -0.169972 0.043794
645 -0.455788 -0.170415 0.0437283
646 -0.455788 -0.170857 0.0436628
647 -0.673056 -0.171633 0.0436021
648 -0.673056 -0.172407 0.0435417
649 -0.847844 -0.173447 0.043487
650 0.285884 -0.172741 0.0434258
651 0.285884 -0.172036 0.0433647
652 -2.99145 -0.17636 0.0435136
653 -1.28887 -0.178064 0.0434803
654 -1.81147 -0.180562 0.0434855
655 -1.66587 -0.182829 0.0434783
656 -1.66587 -0.18509 0.0434708
657 -1.66587 -0.187344 0.043463
658 -3.17875 -0.19189 0.0436344
659 -0.0441015 -0.191666 0.0435687
660 -0.141151 -0.191589 0.0435027
661 0.473113 -0.190584 0.0434485
662 0.473113 -0.189581 0.0433944
663 0.473113 -0.188582 0.0433404
664 0.43296 -0.187646 0.0432852
665 0.43296 -0.186712 0.0432302
666 0.530507 -0.185635 0.0431786
667 0.530507 -0.184562 0.0431272
668 0.530507 -0.183491 0.0430759
669 0.530507 -0.182424 0.0430247
670 0.280409 -0.181733 0.042966
671 0.280409 -0.181044 0.0429074
672 0.340951 -0.180268 0.0428506
673 0.0340898 -0.179949 0.0427881
674 0.115329 -0.179511 0.0427268
675 0.115329 -0.179074 0.0426657
676 0.115329 -0.178639 0.0426047
677 0.528841 -0.177594 0.0425546
678 -0.0826819 -0.177454 0.042492
679 -0.6634 -0.178169 0.0424354
680 0.173976 -0.177652 0.0423761
681 0.173976 -0.177135 0.042317
682 -0.787523 -0.17803 0.0422644
683 0.526587 -0.176999 0.0422151
684 0.526587 -0.17597 0.0421658
685 0.526587 -0.174944 0.0421167
686 -0.109633 -0.174849 0.0420554
687 -0.109633 -0.174754 0.0419943
688 -0.109633 -0.17466 0.0419333
689 0.00992946 -0.174392 0.0418732
690 0.00992946 -0.174124 0.0418134
691 0.378739 -0.173324 0.0417605
692 0.378739 -0.172527 0.0417077
693 0.378739 -0.171731 0.0416551
694 0.476285 -0.170797 0.0416055
695 0.437903 -0.169922 0.0415548
696 0.437903 -0.169048 0.0415042
697 0.437903 -0.168177 0.0414538
698 0.437903 -0.167309 0.0414035
699 -0.473582 -0.167747 0.0413465
700 -0.421405 -0.16811 0.041289
701 -0.421405 -0.168471 0.0412317
702 -0.421405 -0.168831 0.0411745
703 -0.421405 -0.169191 0.0411174
704 -1.86214 -0.171595 0.0411293
705 -1.0008 -0.172772 0.0410878
706 0.177379 -0.172276 0.0410325
707 -0.17333 -0.172277 0.0409745
708 0.123204 -0.17186 0.0409187
709 0.123204 -0.171444 0.040863
710 0.123204 -0.171029 0.0408076
711 -0.655992 -0.171711 0.0407558
712 -0.296571 -0.171886 0.0406989
713 -0.296571 -0.172061 0.0406422
714 -0.296571 -0.172235 0.0405856
715 -0.296571 -0.172409 0.0405292
716 -0.550542 -0.172937 0.040476
717 -2.62621 -0.176359 0.040564
718 -1.81329 -0.178639 0.0405716
719 0.360071 -0.177889 0.0405221
720 0.360071 -0.177142 0.0404726
721 0.140791 -0.176701 0.0404189
722 0.270893 -0.176081 0.0403676
723 -0.590096 -0.176654 0.0403158
724 -0.590096 -0.177225 0.0402641
725 -0.0816708 -0.177093 0.0402088
726 -0.0816708 -0.176962 0.0401536
727 0.145428 -0.176518 0.0401008
728 0.145428 -0.176076 0.0400481
729 0.145428 -0.175635 0.0399955
730 -0.0959673 -0.175526 0.0399409
731 0.0460366 -0.175223 0.0398873
732 0.403472 -0.174432 0.0398406
733 0.403472 -0.173644 0.0397941
734 0.403472 -0.172858 0.0397476
735 0.403472 -0.172074 0.0397012
736 0.381763 -0.171321 0.0396544
737 0.381763 -0.170571 0.0396077
738 0.441745 -0.169741 0.0395626
739 0.441745 -0.168913 0.0395177
740 0.441745 -0.168088 0.0394729
741 0.441745 -0.167265 0.0394282
742 0.441745 -0.166444 0.0393836
743 0.441745 -0.165626 0.0393391
744 -1.37191 -0.167247 0.0393196
745 0.497032 -0.166356 0.0392769
746 0.497032 -0.165466 0.0392343
747 0.188003 -0.164993 0.0391846
748 0.188003 -0.164521 0.039135
749 0.188003 -0.164051 0.0390856
750 0.0322491 -0.163789 0.0390343
751 0.0322491 -0.163528 0.0389832
752 0.216644 -0.163022 0.0389346
753 -0.191735 -0.16306 0.0388829
754 -0.552372 -0.163577 0.0388347
755 -0.552372 -0.164092 0.0387866
756 0.506659 -0.163204 0.0387455
757 0.506659 -0.16232 0.0387044
758 0.506659 -0.161437 0.0386633
759 0.506659 -0.160557 0.0386224
760 -5.91618 -0.16813 0.039308
761 0.52978 -0.167213 0.039267
762 0.464062 -0.166384 0.0392242
763 0.335733 -0.165726 0.0391783
764 0.240284 -0.165195 0.0391306
765 0.344407 -0.164529 0.0390851
766 0.428881 -0.163754 0.0390417
767 0.428881 -0.162981 0.0389984
768 -0.0194839 -0.162795 0.038948
769 -0.0689342 -0.162672 0.0388975
770 -0.481493 -0.163087 0.0388492
771 -0.00890986 -0.162887 0.0387993
772 -0.00890986 -0.162687 0.0387495
773 0.40453 -0.161953 0.0387063
774 0.40453 -0.161221 0.0386632
775 0.418752 -0.160473 0.0386205
776 0.418752 -0.159727 0.038578
777 0.418752 -0.158982 0.0385355
778 -0.763922 -0.15976 0.0384938
779 -0.763922 -0.160535 0.0384521
780 -0.763922 -0.161309 0.0384106
781 -0.763922 -0.16208 0.0383691
782 -0.763922 -0.16285 0.0383278
783 0.121492 -0.162487 0.0382805
784 0.226979 -0.16199 0.0382349
785 0.150875 -0.161592 0.0381882
786 0.150875 -0.161194 0.0381417
787 0.150875 -0.160798 0.0380952
788 0.150875 -0.160402 0.0380489
789 0.216815 -0.159924 0.0380037
790 -0.236992 -0.160021 0.0379557
791 0.277767 -0.159468 0.0379117
792 0.277767 -0.158916 0.0378678
793 -0.724689 -0.159629 0.0378268
794 0.364456 -0.158969 0.0377849
795 0.364456 -0.158311 0.037743
796 -1.54015 -0.160047 0.0377356
797 -0.122663 -0.16 0.0376882
798 -0.122663 -0.159953 0.037641
799 -0.122663 -0.159907 0.0375939
800 -0.122663 -0.15986 0.0375469
801 -0.122663 -0.159814 0.0375
802 0.233507 -0.159323 0.0374564
803 0.519655 -0.158478 0.0374193
804 0.487406 -0.157674 0.0373814
805 0.447258 -0.156923 0.0373425
806 -0.331966 -0.15714 0.0372967
807 -0.331966 -0.157357 0.0372511
808 0.15191 -0.156974 0.037207
809 0.15191 -0.156592 0.0371629
810 0.15191 -0.156211 0.0371189
811 -0.061513 -0.156094 0.0370733
812 -0.061513 -0.155978 0.0370278
813 -0.643922 -0.156578 0.0369871
814 -0.974084 -0.157582 0.0369553
815 -0.156088 -0.157581 0.0369099
816 0.0410297 -0.157337 0.0368655
817 0.0410297 -0.157094 0.0368211
818 0.435382 -0.15637 0.0367832
819 0.435382 -0.155648 0.0367454
820 0.435382 -0.154927 0.0367076
821 0.435382 -0.154208 0.0366699
822 0.435382 -0.153491 0.0366323
823 0.435382 -0.152775 0.0365948
824 0.242501 -0.152295 0.0365535
825 0.455678 -0.151558 0.0365166
826 0.455678 -0.150823 0.0364798
827 0.455678 -0.15009 0.036443
828 -0.329226 -0.150306 0.0363996
829 -0.329226 -0.150522 0.0363563
830 -0.274805 -0.150672 0.0363128
831 -0.274805 -0.150821 0.0362694
832 -0.274805 -0.15097 0.0362261
833 0.249102 -0.15049 0.0361857
834 0.373564 -0.149861 0.0361478
835 0.373564 -0.149235 0.0361099
836 0.373564 -0.148609 0.0360721
837 0.373564 -0.147985 0.0360344
838 0.373564 -0.147363 0.0359967
839 0.373564 -0.146742 0.0359592
840 0.530697 -0.145936 0.0359254
841 0.530164 -0.145132 0.0358917
842 0.530164 -0.14433 0.035858
843 0.530164 -0.14353 0.0358243
844 0.150309 -0.143181 0.0357836
845 0.150309 -0.142834 0.0357429
846 0.150309 -0.142488 0.0357023
847 0.150309 -0.142142 0.0356618
848 -0.658414 -0.142751 0.0356249
849 0.530629 -0.141958 0.0355918
850 0.499849 -0.141203 0.0355579
851 0.499849 -0.140449 0.0355241
852 0.238304 -0.140005 0.0354851
853 0.238304 -0.139561 0.0354463
854 0.164969 -0.139205 0.0354065
855 0.164969 -0.138849 0.0353669
856 0.114646 -0.138553 0.0353268
857 0.114646 -0.138257 0.0352868
858 0.114646 -0.137963 0.0352469
859 -0.54379 -0.138435 0.035209
860 -0.54379 -0.138906 0.0351712
861 -0.54379 -0.139377 0.0351335
862 -0.54379 -0.139846 0.0350958
863 0.525561 -0.139075 0.0350636
864 0.525561 -0.138305 0.0350314
865 0.525561 -0.137538 0.0349993
866 0.380938 -0.136939 0.034964
867 -0.780708 -0.137682 0.0349316
868 -0.770007 -0.13841 0.0348989
869 0.126699 -0.138105 0.0348601
870 -0.192167 -0.138167 0.03482
871 -0.0899717 -0.138112 0.0347801
872 -0.0806089 -0.138046 0.0347402
873 0.389637 -0.137442 0.0347057
874 0.52703 -0.136681 0.0346743
875 -5.10032 -0.142354 0.0350961
876 0.485351 -0.141637 0.0350633
877 0.346025 -0.141081 0.0350277
878 -0.68991 -0.141707 0.0349934
879 -0.171889 -0.141741 0.0349536
880 -0.171889 -0.141775 0.0349139
881 -0.54046 -0.142228 0.0348772
882 0.0497586 -0.14201 0.0348383
883 0.0497586 -0.141793 0.0347995
884 0.0497586 -0.141576 0.0347608
885 -5.87079 -0.14805 0.0353198
886 0.459756 -0.147364 0.0352866
887 0.459756 -0.146679 0.0352534
888 0.459756 -0.145996 0.0352203
889 0.459756 -0.145315 0.0351873
890 0.459756 -0.144635 0.0351543
891 -0.207553 -0.144706 0.0351149
892 -0.35366 -0.14494 0.0350763
893 -0.35366 -0.145174 0.0350378
894 0.202603 -0.144785 0.0350007
895 0.202603 -0.144397 0.0349637
896 0.173005 -0.144042 0.0349265
897 0.521407 -0.143301 0.0348954
898 0.521407 -0.14256 0.0348644
899 0.521407 -0.141822 0.0348334
900 0.521407 -0.141085 0.0348025
901 0.521407 -0.14035 0.0347716
902 0.148104 -0.14003 0.0347345
903 0.148104 -0.139711 0.0346975
904 0.148104 -0.139392 0.0346606
905 0.148104 -0.139075 0.0346237
906 -1.54318 -0.140624 0.0346202
907 0.444261 -0.13998 0.034588
908 -0.532808 -0.140412 0.0345526
909 -0.532808 -0.140844 0.0345173
910 -0.532808 -0.141275 0.034482
911 -1.82724 -0.143125 0.0344938
912 -1.60547 -0.144729 0.0344933
913 0.0415574 -0.144525 0.0344561
914 0.0415574 -0.144321 0.0344189
915 -3.40856 -0.147889 0.0345659
916 0.201865 -0.147507 0.0345302
917 -0.116101 -0.147472 0.0344926
918 -0.116101 -0.147438 0.034455
919 0.510479 -0.146722 0.0344249
920 0.366826 -0.146164 0.034392
921 0.366826 -0.145607 0.0343592
922 0.366826 -0.145051 0.0343264
923 0.366826 -0.144497 0.0342937
924 0.193609 -0.144131 0.0342585
925 0.192137 -0.143767 0.0342234
926 0.192137 -0.143405 0.0341883
927 0.192137 -0.143043 0.0341533
928 -1.23938 -0.144224 0.034137
929 -1.23938 -0.145403 0.0341206
930 -1.7192 -0.147095 0.0341258
931 -1.7192 -0.148784 0.034131
932 -0.92024 -0.149612 0.0341044
933 -0.656549 -0.150155 0.0340721
934 -0.656549 -0.150697 0.0340399
935 -0.736193 -0.151323 0.0340093
936 0.510899 -0.150616 0.0339803
937 0.510899 -0.14991 0.0339514
938 0.510899 -0.149205 0.0339225
939 0.510899 -0.148502 0.0338936
940 0.478727 -0.147835 0.0338641
941 0.24786 -0.147414 0.0338307
942 -0.584147 -0.147878 0.033798
943 -4.80953 -0.152822 0.0341221
944 0.253648 -0.152391 0.0340886
945 0.455544 -0.151748 0.0340586
946 0.455544 -0.151106 0.0340287
947 -0.588728 -0.151568 0.0339958
948 0.297067 -0.151095 0.0339633
949 0.297067 -0.150622 0.0339307
950 0.297067 -0.150151 0.0338983
951 0.297067 -0.149681 0.0338659
952 0.297067 -0.149212 0.0338335
953 0.297067 -0.148743 0.0338013
954 -0.740267 -0.149363 0.0337715
955 0.339277 -0.148852 0.03374
956 -0.304403 -0.149014 0.0337051
957 -0.00892001 -0.148868 0.0336702
958 0.10627 -0.148602 0.0336361
959 0.10627 -0.148336 0.033602
960 -0.209214 -0.148399 0.0335671
961 -0.209214 -0.148463 0.0335322
962 0.524005 -0.147764 0.0335046
963 0.524005 -0.147066 0.033477
964 0.488463 -0.146407 0.0334488
965 0.488463 -0.145749 0.0334206
966 0.488463 -0.145092 0.0333924
967 0.518193 -0.144406 0.0333649
968 0.518193 -0.143722 0.0333375
969 0.0244495 -0.143548 0.0333035
970 0.0244495 -0.143375 0.0332696
971 -0.656322 -0.143903 0.0332395
972 -0.656322 -0.144431 0.0332095
973 -0.890345 -0.145197 0.0331842
974 0.321763 -0.144718 0.0331536
975 0.321763 -0.144239 0.033123
976 0.321763 -0.143762 0.0330925
977 0.321763 -0.143285 0.033062
978 0.253733 -0.142879 0.0330307
979 0.515636 -0.142207 0.0330038
980 0.515636 -0.141535 0.032977
981 0.51963 -0.140861 0.0329502
982 0.51963 -0.140189 0.0329235
983 0.530679 -0.139506 0.0328971
984 -0.709276 -0.140085 0.0328687
985 0.145001 -0.139796 0.0328366
986 -0.750557 -0.140415 0.0328092
987 -0.750557 -0.141034 0.0327817
988 -0.750557 -0.141651 0.0327543
989 -0.750557 -0.142266 0.032727
990 -0.334222 -0.14246 0.0326945
991 -0.334222 -0.142654 0.0326621
992 -0.792322 -0.143309 0.0326357
993 0.526874 -0.142634 0.0326098
994 0.526874 -0.14196 0.0325839
995 0.526874 -0.141288 0.0325581
996 0.526874 -0.140617 0.0325323
997 0.526874 -0.139948 0.0325066
998 0.526874 -0.139279 0.0324809
999 -0.69769 -0.139838 0.0324531
1000 0.257259 -0.139441 0.0324231
