0.0893464
-0.594987
-0.196852
-0.442285
-0.892691
-0.638621
0.318049
0.719826
-0.46907
-1.26906
0.636454
-0.853401
-0.820828
1.1221
1.42804
-1.43588
0.659693
0.886707
-1.43243
-0.738427
1.01865
-1.20648
-0.302393
0.803712
-0.454046
-1.24617
-0.739551
-0.501796
0.666952
0.844734
-0.876138
1.37893
0.614816
-1.15108
-0.191114
-0.629504
0.80357
-0.953509
0.776922
-1.2045
-0.511808
-1.52887
0.454964
-0.949598
-0.960763
-1.18085
-0.882482
0.690178
1.00111
1.08187
0.2112
-0.59393
0.863689
-0.868641
1.08499
1.35653
-0.395017
0.824741
-0.542059
-0.296736
0.679851
-0.99786
-0.455115
0.960444
-0.551609
-0.55774
-0.331549
-0.309175
-1.40769
-0.599844
-0.843159
0.82658
1.03015
1.0272
-0.168514
-0.800137
1.67059
-0.420549
0.484823
0.951026
-0.388985
-0.680117
-0.858466
-1.0477
0.491043
-0.125144
-0.734312
-0.348138
1.07202
-1.1232
0.0561378
-1.11368
0.914849
-0.95131
-1.09875
-1.17337
0.357305
0.370347
-1.23509
0.585053
0.835832
-1.6585
-0.538723
0.416405
1.13823
-0.848707
-0.866791
-0.306583
-1.03842
-0.491486
0.635648
-0.552819
-0.0346582
-0.859395
-1.30641
1.32909
0.924875
-0.357797
0.980172
-0.355242
-0.538398
-0.402349
-1.10999
-0.131241
0.0484516
-0.649473
1.07549
-1.49611
0.792015
-0.870699
0.506974
-1.14266
-0.929317
0.370267
0.915681
-0.733191
-0.798668
0.420248
0.395634
0.275518
-0.703489
-0.964974
0.224725
0.70737
0.0275024
1.27171
1.10468
-0.977752
-1.24056
0.978234
-0.792197
-0.548811
-0.221083
0.168048
0.737643
0.278519
0.483399
-1.12679
-1.1097
-0.819525
-1.2213
-1.0821
0.730033
0.468018
1.19957
-0.318505
-1.16022
1.04302
-1.35755
0.955388
-1.19788
-0.506078
0.530234
-0.284316
-1.50331
0.942741
-1.7998
-0.540916
-0.777379
-0.34815
-0.481576
0.184465
-1.01751
-0.535729
0.809994
-0.400429
-0.339615
1.29778
0.0396312
1.66475
-0.564255
-0.325217
-0.190268
0.649605
0.439938
-1.32396
-1.49979
0.400957
-1.07805
1.83639
-1.21405
-1.2476
-0.122599
0.587791
-1.0494
-0.577433
-0.380283
0.85432
-0.504591
0.306692
0.764239
-0.190915
0.871919
-1.19889
-1.42773
-0.902673
1.39801
1.35633
1.18168
0.671886
-1.16662
1.10455
-1.59166
0.361166
0.67744
-0.949072
1.00412
-0.32849
-1.20876
0.287032
-1.1771
-1.51946
0.48049
-0.465837
0.977958
-0.696368
1.56386
0.966451
1.46216
-0.65834
1.28952
1.29873
-0.694166
-0.750339
0.816128
-0.538272
0.714171
0.443716
1.35849
-0.594171
0.742627
0.941356
1.114
-0.913638
0.12793
0.381823
-0.426355
0.719648
1.31975
-0.184938
-0.523973
1.12461
-0.883388
-0.239716
0.759329
-1.63819
1.68825
1.25083
-1.31032
0.3228
1.03688
0.416054
0.805071
-0.416166
0.138347
0.471677
0.362147
-0.800163
-0.539623
-0.94878
-1.48235
0.61988
-1.05141
-0.0643162
1.01124
-0.482002
1.04731
-0.52162
-0.717356
-0.818034
1.15038
0.526797
0.264907
0.694996
-1.11767
-0.76773
-0.399534
-1.10003
0.460026
1.16357
-1.11607
1.76753
-1.76555
-0.67066
0.707468
-0.538462
0.486725
-0.985335
-0.830873
-1.22395
-1.01264
0.91611
0.789445
1.56341
1.2635
0.0990891
-0.41222
-0.813046
-0.502653
0.419145
-0.948125
-0.192212
1.05381
-0.593702
-0.372987
0.55135
0.189793
-0.536357
0.170607
1.13195
-1.45378
1.24621
-1.25321
-0.991985
1.00427
1.54917
-1.53376
1.09188
1.18131
0.987081
-0.349514
-0.00719151
-1.35792
0.49426
0.275459
-0.561692
-0.950487
0.967504
-0.761479
0.583775
0.989217
0.313488
0.946768
0.348418
-0.530019
1.09402
-1.39188
1.06773
0.306456
0.983888
0.877308
-0.729447
-0.901535
0.0438845
-0.754194
-0.830994
1.19509
1.49984
-1.0526
0.984657
0.779119
-1.64169
-0.833682
1.41207
0.836915
-0.744056
0.629944
-0.95791
-1.13078
-0.10394
0.0373366
0.96396
0.355929
-0.433574
-0.0070979
-1.24424
-1.08829
0.488536
0.53879
-0.0375021
-1.43942
-0.327436
-1.26165
-0.996975
0.790404
-0.168425
-0.685722
-0.859488
-0.902247
-0.819826
0.352464
-0.519031
1.62285
-1.10528
-0.0315038
-0.441384
1.09282
1.07853
-0.253106
0.553838
1.43206
-0.40684
0.726833
0.556894
-1.12173
-0.783086
0.355375
0.729052
-0.588436
-0.935243
0.546041
-1.60214
1.10703
1.04671
1.34635
1.33915
1.49971
0.945387
1.74086
-0.654241
0.546033
2.14255
-0.10233
0.0245467
-1.28601
0.416204
-0.332754
1.29415
0.641134
-0.956131
-0.878807
0.718485
0.787325
0.909992
0.505781
-0.121966
0.417131
1.13708
0.875763
-0.683895
0.531501
1.02919
1.06605
-0.0369198
-0.915743
-0.617384
1.15546
-0.718862
-1.09458
-1.06199
-0.974968
-1.00498
0.411568
1.98006
1.34582
0.829994
0.597113
0.488995
-1.28886
-1.14084
-0.68425
1.45597
-0.214346
1.09224
1.18378
-0.484677
-1.39903
1.54284
-0.264707
1.45839
-0.716511
1.2184
-0.657026
0.257469
-0.74307
0.823589
1.17033
-0.547001
0.474112
-0.563106
-0.768205
-0.769593
-0.562823
-1.77775
-0.048841
0.727883
-0.85108
-0.913816
-0.364952
1.3826
0.783486
1.3792
-1.0695
-0.521083
-1.56336
-0.570225
-0.579074
0.858766
-1.37475
-0.617229
-0.906447
0.889399
-0.0741226
-0.639222
0.94266
-0.774547
-1.38332
-0.704143
0.794457
-0.61405
0.55754
0.34422
-0.935192
-1.23045
-0.975816
0.422979
0.946944
-0.166588
1.27999
0.211508
-1.17914
0.764812
-1.14326
-1.24551
-0.994172
-0.869902
0.497944
-0.337713
-0.730372
0.170156
-1.4574
0.456421
0.617814
-1.44889
-0.961939
0.468993
-0.615753
-0.356159
-1.3335
-0.742457
-1.24138
-1.06337
0.732116
0.620315
-0.496407
-1.4266
0.324442
-0.949524
-0.585789
1.62612
-1.37027
-0.816367
1.10599
1.05792
0.366059
-1.32578
-0.333432
0.0732412
-0.646455
-0.636917
1.18418
-0.446502
-1.11137
0.937408
0.913566
1.03856
-1.03828
1.22246
-0.871032
-1.14465
-1.25771
-0.100091
0.693137
-0.312422
-0.21713
0.969208
0.133229
-1.26155
0.488391
-0.822665
0.603804
-1.1393
-1.01388
-1.22176
-1.03648
1.16162
-0.874913
1.6529
0.22405
-1.55972
-1.67526
-1.03672
0.562202
1.65637
-1.20599
-1.08723
-0.242599
-0.60032
-1.10763
1.2622
1.53186
1.63537
0.775449
1.50065
1.31946
-0.662104
0.666578
0.501893
-0.262483
-1.13833
-0.293883
-1.20623
-0.906272
0.405305
1.03827
-0.907833
1.04187
0.368556
-0.367669
1.08501
-0.423927
0.497842
0.422791
-1.55028
0.0801159
-0.521102
0.389683
-0.363317
-0.278632
1.15984
1.28334
-0.850583
-0.439084
0.39915
-1.46536
-0.968151
1.11898
0.849842
-1.35054
-0.39119
-0.827188
0.421925
-1.25199
-0.203317
-1.27372
-0.802981
-1.16408
-1.30079
1.2737
0.626969
0.496276
-0.917049
-0.363829
1.06209
-1.03193
-0.766394
1.05084
1.00584
-1.63523
-1.71436
1.00592
0.777635
0.84415
0.881718
0.745407
0.994157
0.204159
-1.53372
1.15755
0.74594
1.04569
-1.23128
0.607546
0.384025
1.07209
0.516619
-0.19437
-0.289738
0.59658
0.506117
0.901368
0.215559
1.19985
-0.609823
0.270899
0.38416
0.368703
-0.98865
0.58145
-1.27946
1.16817
-0.488193
1.71193
1.19641
0.0911655
1.01502
-0.975411
-1.4657
0.968109
-0.762815
1.08344
1.38617
-0.889116
-1.20423
-0.637681
-0.842696
1.1531
-0.623968
1.63605
-0.51641
1.02513
-1.62702
0.8937
1.59538
-0.486985
0.17337
-2.03679
1.12009
-1.07614
-0.00767092
0.52202
0.968043
-0.000718936
-0.919339
-0.658836
0.42752
-0.0370557
0.602277
-0.942117
-0.222413
0.497528
-0.479181
0.926582
0.488973
1.06554
0.749341
0.927077
-0.957902
-0.858066
1.04622
-0.647491
1.16781
1.53646
-1.20094
-0.761128
-0.759641
-0.559817
0.225758
0.736552
-0.127632
1.3312
-0.455179
1.27674
-0.524018
-0.133686
1.051
0.878952
0.767474
-0.628978
-0.685875
1.08591
-1.28647
0.883773
-0.252552
-0.982877
-0.658408
-0.636266
0.968771
0.296285
-0.439254
-0.593122
-0.649463
-0.890049
-0.665752
1.1875
0.336787
-1.16997
1.20487
0.307193
0.992373
-0.595286
-1.02616
0.555752
-1.03398
-0.432085
0.55523
-0.496963
-0.815146
-0.661261
-1.17683
-0.0946647
1.46294
-0.346628
-1.00919
1.45242
0.429113
-1.03091
1.19448
1.02611
-0.079761
0.254163
-0.498974
0.969706
-1.50407
-0.776238
0.616929
0.488322
-0.668226
-0.531406
-1.40061
0.767608
0.836266
-1.29142
0.987797
1.38472
0.872596
0.207671
0.961358
0.480003
-0.571108
-1.28553
1.00801
-0.811424
-0.142393
-1.48563
-1.08989
1.09895
1.15656
-0.262096
1.43913
0.978337
-0.296327
-1.24376
0.142861
1.10143
1.40806
0.653045
1.78725
0.697018
1.60155
-1.02411
0.80696
0.546205
-1.24665
0.0948081
0.056452
1.23509
-0.586646
-0.706579
-0.417091
0.796783
0.778001
-1.04853
-0.828871
-1.18467
0.523863
0.0543632
0.979777
0.89712
-1.20049
-0.60899
1.57645
-0.449083
-1.56482
0.0146333
-0.753455
-0.787616
-1.04462
0.56998
-0.810725
-0.628178
0.0641819
0.170311
-0.600078
-0.604091
-0.428522
-1.03301
0.127354
-0.069113
-0.698719
1.66585
-0.990248
-1.03112
0.222168
0.903751
0.559367
-0.880414
0.776482
0.00877997
0.288494
1.16707
0.168877
1.17208
-0.788463
1.03209
-1.56101
1.36682
-1.2034
-0.203196
-0.741222
0.288268
-0.859574
-0.634676
1.26442
1.66886
-0.79716
-0.800722
0.575281
0.451875
0.322408
-0.0813154
-0.0579842
0.321561
-0.796537
0.647714
-0.318137
-0.972575
0.896715
0.35024
0.944033
0.0567156
1.57584
-1.01784
1.15181
-0.53252
1.63281
0.389355
0.472298
0.553212
0.746098
0.900196
-0.290628
-0.187513
-0.571149
-0.800784
-0.60522
-0.312775
-0.717488
0.383769
1.16723
1.54769
0.0723106
-0.48125
-1.32885
1.01432
-1.31338
0.944367
0.45875
0.654585
0.264824
-0.307174
0.806669
-0.551983
-1.14872
0.407914
-1.09469
1.16786
-0.972591
-0.729055
0.941107
-0.434413
0.631024
-0.998767
0.64322
0.624591
-0.990184
1.1961
1.17677
-0.371611
0.699139
-0.689616
-0.818876
-1.62715
-0.57885
-0.805342
-0.634368
1.50824
0.880759
0.260261
0.52897
0.016429
0.589985
0.371565
-0.553171
-0.241097
0.0942262
1.22769
0.0592532
0.197522
-0.588547
