           1     2.96922     2.96922           0
           2     2.96399     2.96661  0.00184896
           3     2.95289     2.96204  0.00393194
           4     2.93504     2.95529  0.00654663
           5     2.90909     2.94605  0.00978392
           6     2.87318      2.9339   0.0137619
           7     2.82493     2.91833   0.0186248
           8     2.76161     2.89874   0.0245237
           9     2.68053      2.8745   0.0315866
          10     2.57969     2.84502   0.0398793
          11     2.45875      2.8099   0.0493492
          12     2.32024      2.7691   0.0597717
          13     2.17025     2.72303   0.0707313
          14     2.01809     2.67268   0.0816583
          15     1.87445     2.61946    0.091933
          16     1.74895     2.56506    0.101012
          17     1.64821     2.51112    0.108516
          18     1.57511     2.45912     0.11427
          19     1.52889     2.41016     0.11828
          20     1.50612     2.36496    0.120695
          21     1.50175     2.32386    0.121746
          22     1.51018     2.28687      0.1217
          23     1.52599     2.25379    0.120822
          24     1.54437     2.22423    0.119348
          25     1.56192     2.19774    0.117478
          26     1.57741     2.17388    0.115357
          27     1.59188     2.15232     0.11308
          28     1.60771     2.13287    0.110702
          29     1.62658     2.11541    0.108253
          30     1.64807     2.09984    0.105759
          31     1.66975     2.08596    0.103254
          32     1.68872     2.07355     0.10077
          33     1.70286     2.06232   0.0983408
          34     1.71123     2.05199   0.0959891
          35      1.7136     2.04232   0.0937321
          36     1.70994     2.03309   0.0915821
          37     1.70003     2.02409   0.0895481
          38     1.68365     2.01513   0.0876386
          39     1.66117     2.00605   0.0858601
          40     1.63419     1.99676   0.0842154
          41     1.60577     1.98722   0.0826996
          42     1.57995     1.97752    0.081297
          43     1.56067     1.96783   0.0799823
          44     1.55063     1.95835   0.0787245
          45     1.55068     1.94929   0.0774946
          46     1.55999     1.94082   0.0762707
          47     1.57684     1.93308     0.07504
          48     1.59914     1.92612   0.0737985
          49     1.62483     1.91997   0.0725481
          50     1.65179     1.91461   0.0712951
          51     1.67759     1.90996   0.0700485
          52     1.69932     1.90591   0.0688185
          53     1.71406     1.90229   0.0676151
          54     1.71961     1.89891   0.0664476
          55     1.71498     1.89556   0.0653235
          56     1.70046     1.89208   0.0642499
          57     1.67762     1.88832   0.0632328
          58      1.6495      1.8842   0.0622765
          59     1.62087     1.87974   0.0613807
          60     1.59788     1.87504   0.0605371
          61      1.5869     1.87032   0.0597287
          62     1.59225     1.86583   0.0589335
          63     1.61337     1.86182   0.0581341
          64     1.64469     1.85843   0.0573247
          65     1.67928     1.85568    0.056509
          66     1.71209      1.8535   0.0556947
          67     1.74007     1.85181   0.0548891
          68     1.76056     1.85046   0.0540983
          69     1.77074     1.84931   0.0533267
          70     1.76834     1.84815   0.0525774
          71     1.75292     1.84681    0.051854
          72     1.72633     1.84514   0.0511608
          73     1.69218     1.84304   0.0505028
          74     1.65427     1.84049   0.0498847
          75     1.61543     1.83749   0.0493098
          76      1.5778     1.83407   0.0487792
          77     1.54377      1.8303   0.0482912
          78     1.51628     1.82628   0.0478396
          79     1.49799     1.82212   0.0474142
          80     1.49004     1.81797   0.0470028
          81     1.49149     1.81394   0.0465951
          82     1.49984     1.81011    0.046184
          83     1.51222     1.80652   0.0457668
          84     1.52647     1.80319   0.0453432
          85     1.54147     1.80011   0.0449142
          86     1.55681     1.79728    0.044481
          87     1.57222     1.79469   0.0440448
          88     1.58727     1.79234   0.0436074
          89     1.60114     1.79019   0.0431703
          90     1.61275     1.78822   0.0427356
          91     1.62093     1.78638   0.0423055
          92     1.62459     1.78462   0.0418822
          93     1.62289     1.78288   0.0414679
          94     1.61555      1.7811    0.041065
          95     1.60304     1.77923   0.0406755
          96     1.58677     1.77722   0.0403011
          97      1.5689     1.77507   0.0399428
          98     1.55206      1.7728      0.0396
          99     1.53889     1.77043   0.0392704
         100     1.53139     1.76804   0.0389504
         101     1.53024     1.76569   0.0386359
         102     1.53454     1.76342   0.0383235
         103     1.54256     1.76128   0.0380114
         104     1.55272     1.75927   0.0376987
         105     1.56404     1.75741   0.0373855
         106     1.57619      1.7557   0.0370719
         107     1.58944     1.75415    0.036758
         108      1.6045     1.75277   0.0364437
         109     1.62217     1.75157   0.0361291
         110     1.64272     1.75058   0.0358142
         111     1.66523     1.74981   0.0354998
         112     1.68763     1.74925   0.0351872
         113     1.70731     1.74888   0.0348777
         114     1.72177     1.74864   0.0345726
         115     1.72928     1.74848   0.0342724
         116     1.72913     1.74831   0.0339773
         117     1.72184     1.74808   0.0336877
         118     1.70933     1.74775   0.0334038
         119     1.69503     1.74731    0.033126
         120     1.68364     1.74678   0.0328542
         121     1.67996     1.74623   0.0325874
         122     1.68622     1.74574    0.032324
         123     1.70006     1.74537   0.0320633
         124     1.71528     1.74512   0.0318056
         125      1.7251     1.74496   0.0315516
         126     1.72478      1.7448   0.0313016
         127     1.71226     1.74455   0.0310562
         128      1.6876      1.7441   0.0308167
         129     1.65281     1.74339    0.030586
         130     1.61203     1.74238   0.0303674
         131      1.5714     1.74108   0.0301636
         132     1.53802     1.73954   0.0299743
         133     1.51753     1.73787   0.0297954
         134     1.51202     1.73618   0.0296206
         135     1.51953     1.73458   0.0294447
         136     1.53563     1.73312   0.0292645
         137     1.55569     1.73182   0.0290795
         138     1.57629      1.7307   0.0288906
         139     1.59522     1.72972   0.0286992
         140     1.61109     1.72887   0.0285067
         141     1.62299     1.72812   0.0283144
         142     1.63054     1.72743   0.0281234
         143     1.63387     1.72678   0.0279343
         144     1.63341     1.72613   0.0277479
         145     1.62941     1.72547   0.0275645
         146     1.62186     1.72476   0.0273849
         147     1.61075     1.72398   0.0272095
         148     1.59663     1.72312   0.0270393
         149     1.58095     1.72217   0.0268747
         150     1.56564     1.72112   0.0267157
         151     1.55276     1.72001   0.0265621
         152     1.54431     1.71885   0.0264125
         153     1.54215      1.7177   0.0262651
         154     1.54764     1.71659   0.0261177
         155     1.56062     1.71559   0.0259686
         156     1.57881     1.71471   0.0258169
         157     1.59838     1.71397   0.0256631
         158     1.61544     1.71334   0.0255083
         159     1.62731      1.7128   0.0253536
         160     1.63314     1.71231      0.0252
         161     1.63372     1.71182   0.0250482
         162     1.63105     1.71132   0.0248986
         163     1.62749      1.7108   0.0247511
         164      1.6249     1.71028   0.0246057
         165     1.62405     1.70976   0.0244622
         166     1.62456     1.70924   0.0243202
         167     1.62525     1.70874   0.0241797
         168     1.62474     1.70824    0.024041
         169     1.62207     1.70773   0.0239041
         170     1.61717      1.7072   0.0237695
         171     1.61099     1.70664   0.0236371
         172     1.60512     1.70605   0.0235071
         173     1.60118     1.70544    0.023379
         174     1.60014     1.70483   0.0232525
         175     1.60198     1.70425    0.023127
         176     1.60582     1.70369   0.0230024
         177     1.61039     1.70316   0.0228785
         178     1.61454     1.70266   0.0227553
         179      1.6178     1.70219   0.0226332
         180      1.6205     1.70173    0.022512
         181     1.62335      1.7013   0.0223918
         182     1.62699     1.70089   0.0222724
         183     1.63137     1.70051    0.022154
         184     1.63583     1.70016   0.0220364
         185     1.63956     1.69983   0.0219197
         186     1.64209     1.69952    0.021804
         187     1.64356     1.69922   0.0216895
         188     1.64457     1.69893   0.0215761
         189     1.64573     1.69865   0.0214637
         190      1.6473     1.69838   0.0213525
         191     1.64915     1.69812   0.0212422
         192     1.65083     1.69788    0.021133
         193     1.65164     1.69764   0.0210249
         194     1.65073      1.6974   0.0209179
         195     1.64711     1.69714   0.0208122
         196        1.64     1.69685   0.0207081
         197     1.62937      1.6965   0.0206058
         198     1.61653      1.6961   0.0205057
         199     1.60427     1.69564   0.0204078
         200     1.59638     1.69514   0.0203118
         201     1.59631     1.69465   0.0202167
         202     1.60571     1.69421   0.0201214
         203     1.62359     1.69386   0.0200253
         204     1.64684     1.69363   0.0199285
         205     1.67172     1.69353   0.0198316
         206     1.69519     1.69353   0.0197353
         207     1.71543     1.69364   0.0196402
         208     1.73172     1.69382   0.0195467
         209     1.74399     1.69406   0.0194546
         210     1.75247     1.69434    0.019364
         211     1.75758     1.69464   0.0192745
         212     1.76014     1.69495   0.0191861
         213     1.76122     1.69526   0.0190985
         214     1.76193     1.69557   0.0190118
         215     1.76313     1.69589    0.018926
         216     1.76538     1.69621   0.0188411
         217      1.7692     1.69654   0.0187573
         218     1.77483      1.6969   0.0186747
         219     1.78109     1.69729   0.0185934
         220     1.78477     1.69769   0.0185131
         221     1.78173     1.69807   0.0184332
         222     1.76921     1.69839    0.018353
         223     1.74725     1.69861    0.018272
         224     1.71854     1.69869   0.0181906
         225     1.68706     1.69864   0.0181099
         226     1.65675     1.69846   0.0180307
         227     1.63067     1.69816   0.0179537
         228     1.61091     1.69778    0.017879
         229     1.59871     1.69734   0.0178062
         230     1.59433      1.6969   0.0177344
         231     1.59683     1.69646   0.0176629
         232     1.60393     1.69606   0.0175913
         233      1.6128     1.69571   0.0175194
         234      1.6214     1.69539   0.0174474
         235     1.62944     1.69511   0.0173755
         236     1.63817     1.69487   0.0173035
         237     1.64884     1.69467   0.0172316
         238     1.66085     1.69453   0.0171598
         239     1.67139     1.69443   0.0170882
         240     1.67688     1.69436   0.0170172
         241     1.67508     1.69428   0.0169468
         242     1.66633     1.69417   0.0168771
         243     1.65357       1.694   0.0168085
         244     1.64125     1.69378    0.016741
         245     1.63361     1.69354   0.0166745
         246     1.63345     1.69329   0.0166085
         247     1.64158     1.69308   0.0165426
         248     1.65717     1.69294   0.0164765
         249     1.67829     1.69288   0.0164104
         250     1.70248     1.69292   0.0163448
         251     1.72704     1.69305   0.0162803
         252     1.74931     1.69328   0.0162172
         253     1.76681     1.69357   0.0161557
         254     1.77749      1.6939   0.0160955
         255     1.77989     1.69423   0.0160359
         256     1.77348     1.69454   0.0159763
         257     1.75895      1.6948   0.0159161
         258     1.73843     1.69496   0.0158553
         259     1.71522     1.69504   0.0157942
         260     1.69296     1.69503   0.0157335
         261     1.67471     1.69496   0.0156734
         262     1.66233     1.69483   0.0156141
         263     1.65637     1.69469   0.0155554
         264     1.65644     1.69454   0.0154971
         265     1.66134     1.69442   0.0154392
         266     1.66924     1.69432   0.0153814
         267     1.67793     1.69426   0.0153239
         268     1.68531     1.69423   0.0152668
         269     1.68996     1.69421     0.01521
         270      1.6916      1.6942   0.0151537
         271     1.69119     1.69419   0.0150978
         272     1.69022     1.69418   0.0150423
         273     1.68969     1.69416   0.0149872
         274     1.68947     1.69414   0.0149325
         275     1.68872     1.69412   0.0148782
         276     1.68677      1.6941   0.0148244
         277     1.68378     1.69406   0.0147709
         278     1.68078     1.69401   0.0147178
         279     1.67916     1.69396   0.0146652
         280     1.67992     1.69391   0.0146129
         281     1.68322     1.69387   0.0145609
         282     1.68837     1.69385   0.0145093
         283     1.69427     1.69385    0.014458
         284     1.69987     1.69387   0.0144071
         285     1.70433     1.69391   0.0143566
         286     1.70704     1.69395   0.0143065
         287     1.70734       1.694   0.0142567
         288      1.7045     1.69404   0.0142073
         289     1.69774     1.69405   0.0141581
         290     1.68659     1.69402   0.0141093
         291     1.67121     1.69395   0.0140611
         292     1.65277     1.69381   0.0140136
         293     1.63346      1.6936   0.0139673
         294     1.61596     1.69334   0.0139223
         295     1.60267     1.69303   0.0138785
         296     1.59487      1.6927   0.0138356
         297     1.59253     1.69236   0.0137931
         298     1.59474     1.69203   0.0137507
         299      1.6003     1.69172   0.0137081
         300     1.60801     1.69145   0.0136653
         301     1.61654      1.6912   0.0136221
         302     1.62412     1.69097   0.0135788
         303     1.62831     1.69077   0.0135356
         304     1.62636     1.69056   0.0134927
         305     1.61641     1.69031   0.0134507
         306      1.5986     1.69001   0.0134101
         307     1.57561     1.68964   0.0133716
         308     1.55211     1.68919   0.0133356
         309      1.5331     1.68869    0.013302
         310     1.52218     1.68815   0.0132699
         311     1.52069     1.68761   0.0132382
         312     1.52802      1.6871   0.0132056
         313      1.5425     1.68664   0.0131715
         314     1.56209     1.68624   0.0131356
         315     1.58486     1.68592   0.0130978
         316     1.60904     1.68568   0.0130586
         317     1.63311     1.68551   0.0130185
         318      1.6558     1.68542   0.0129779
         319     1.67613     1.68539   0.0129372
         320     1.69332     1.68541   0.0128968
         321     1.70679     1.68548   0.0128568
         322     1.71617     1.68558   0.0128172
         323     1.72125     1.68569    0.012778
         324      1.7221      1.6858   0.0127391
         325     1.71905      1.6859   0.0127003
         326     1.71258     1.68598   0.0126616
         327     1.70324     1.68604    0.012623
         328     1.69154     1.68605   0.0125845
         329     1.67778     1.68603   0.0125463
         330     1.66201     1.68595   0.0125085
         331     1.64402     1.68583   0.0124713
         332     1.62376     1.68564   0.0124352
         333      1.6017     1.68539   0.0124004
         334     1.57925     1.68507   0.0123673
         335     1.55867     1.68469   0.0123362
         336     1.54268     1.68427   0.0123067
         337     1.53386     1.68383   0.0122783
         338     1.53406     1.68338   0.0122499
         339     1.54391     1.68297   0.0122207
         340     1.56248     1.68262   0.0121899
         341     1.58729     1.68234   0.0121573
         342     1.61499     1.68214   0.0121234
         343     1.64237     1.68202   0.0120886
         344     1.66704     1.68198   0.0120535
         345      1.6872       1.682   0.0120186
         346     1.70129     1.68205    0.011984
         347     1.70772     1.68213   0.0119497
         348     1.70525     1.68219   0.0119155
         349     1.69379     1.68222   0.0118814
         350      1.6752      1.6822   0.0118475
         351     1.65329     1.68212   0.0118141
         352     1.63263     1.68198   0.0117813
         353     1.61675      1.6818   0.0117494
         354     1.60714     1.68159   0.0117181
         355     1.60335     1.68137   0.0116872
         356     1.60366     1.68115   0.0116564
         357     1.60567     1.68094   0.0116256
         358     1.60675     1.68073    0.011595
         359     1.60453     1.68052   0.0115647
         360     1.59744     1.68029   0.0115348
         361     1.58509     1.68002   0.0115059
         362      1.5686     1.67971   0.0114782
         363     1.55061     1.67936   0.0114521
         364     1.53471     1.67896   0.0114275
         365     1.52424     1.67854   0.0114041
         366       1.521     1.67811   0.0113811
         367     1.52482     1.67769   0.0113577
         368     1.53419      1.6773   0.0113335
         369     1.54719     1.67695   0.0113083
         370     1.56196     1.67664    0.011282
         371     1.57659     1.67637   0.0112548
         372     1.58898     1.67613    0.011227
         373     1.59698     1.67592   0.0111989
         374      1.5992     1.67571   0.0111709
         375     1.59581      1.6755   0.0111431
         376     1.58877     1.67527   0.0111159
         377     1.58107     1.67502   0.0110892
         378     1.57533     1.67476    0.011063
         379     1.57307     1.67449    0.011037
         380     1.57487     1.67423   0.0110111
         381     1.58123     1.67398   0.0109849
         382      1.5931     1.67377   0.0109582
         383     1.61165     1.67361   0.0109308
         384     1.63716     1.67351   0.0109027
         385     1.66829      1.6735   0.0108744
         386     1.70207     1.67357   0.0108465
         387     1.73484     1.67373   0.0108196
         388     1.76313     1.67396   0.0107942
         389     1.78439     1.67425   0.0107702
         390     1.79742     1.67456   0.0107472
         391     1.80243     1.67489   0.0107247
         392     1.80094     1.67521   0.0107021
         393     1.79544     1.67552   0.0106793
         394     1.78871      1.6758    0.010656
         395     1.78294     1.67608   0.0106325
         396     1.77917     1.67634   0.0106089
         397      1.7771     1.67659   0.0105852
         398     1.77544     1.67684   0.0105615
         399     1.77269     1.67708   0.0105378
         400     1.76773      1.6773   0.0105138
         401     1.76015     1.67751   0.0104897
         402     1.75013     1.67769   0.0104651
         403      1.7384     1.67784   0.0104402
         404     1.72596     1.67796   0.0104151
         405     1.71405     1.67805   0.0103897
         406     1.70376     1.67811   0.0103643
         407      1.6956     1.67816    0.010339
         408     1.68931     1.67818   0.0103137
         409     1.68438      1.6782   0.0102885
         410     1.68099     1.67821   0.0102634
         411      1.6802     1.67821   0.0102384
         412      1.6833     1.67822   0.0102135
         413     1.69091     1.67825   0.0101889
         414     1.70242     1.67831   0.0101644
         415     1.71579      1.6784   0.0101403
         416     1.72783     1.67852   0.0101166
         417     1.73516     1.67866   0.0100933
         418     1.73537     1.67879   0.0100701
         419     1.72763     1.67891   0.0100467
         420     1.71258     1.67899   0.0100231
         421     1.69189     1.67902  0.00999934
         422     1.66785     1.67899  0.00997568
         423     1.64299     1.67891  0.00995246
         424      1.6198     1.67877  0.00992997
         425     1.60047     1.67859  0.00990831
         426     1.58673     1.67837   0.0098874
         427     1.57986     1.67814  0.00986693
         428     1.58063     1.67791  0.00984651
         429     1.58906      1.6777  0.00982573
         430     1.60407     1.67753  0.00980438
         431     1.62341     1.67741  0.00978243
         432     1.64406     1.67733  0.00976009
         433     1.66305      1.6773  0.00973761
         434     1.67858      1.6773  0.00971517
         435     1.69073     1.67733  0.00969289
         436     1.70119     1.67739  0.00967081
         437     1.71197     1.67746    0.009649
         438      1.7237     1.67757  0.00962755
         439      1.7353      1.6777  0.00960652
         440     1.74483     1.67785   0.0095859
         441     1.75079     1.67802  0.00956559
         442      1.7527     1.67819  0.00954544
         443     1.75105     1.67835  0.00952531
         444     1.74697     1.67851  0.00950511
         445     1.74152     1.67865   0.0094848
         446     1.73529     1.67878  0.00946438
         447     1.72836     1.67889  0.00944386
         448     1.72071     1.67898  0.00942324
         449     1.71271     1.67906  0.00940256
         450     1.70503     1.67911  0.00938184
         451     1.69824     1.67916  0.00936113
         452     1.69237     1.67919  0.00934047
         453     1.68712      1.6792  0.00931986
         454     1.68218     1.67921  0.00929934
         455     1.67756     1.67921   0.0092789
         456     1.67372     1.67919  0.00925856
         457     1.67121     1.67918  0.00923832
         458     1.67025     1.67916  0.00921817
         459     1.67011     1.67914   0.0091981
         460     1.66909     1.67911  0.00917813
         461     1.66523     1.67908  0.00915827
         462     1.65757     1.67904  0.00913857
         463     1.64688     1.67897   0.0091191
         464     1.63541     1.67887  0.00909993
         465     1.62572     1.67876  0.00908107
         466     1.61939     1.67863  0.00906248
         467     1.61691      1.6785  0.00904404
         468     1.61843     1.67837  0.00902562
         469     1.62454     1.67826  0.00900711
         470     1.63577     1.67817   0.0089884
         471     1.65128     1.67811   0.0089695
         472     1.66848     1.67809  0.00895052
         473     1.68389      1.6781   0.0089316
         474     1.69454     1.67814  0.00891283
         475     1.69863     1.67818  0.00889417
         476     1.69573     1.67822  0.00887556
         477      1.6863     1.67823  0.00885697
         478     1.67116     1.67822  0.00883845
         479     1.65117     1.67816  0.00882018
         480     1.62691     1.67806  0.00880245
         481     1.59875     1.67789  0.00878569
         482      1.5673     1.67766  0.00877046
         483     1.53431     1.67736  0.00875732
         484     1.50327     1.67701  0.00874661
         485     1.47924      1.6766  0.00873808
         486     1.46663     1.67617  0.00873077
         487     1.46652     1.67573  0.00872345
         488     1.47625     1.67533  0.00871515
         489     1.49152     1.67495  0.00870543
         490     1.50917     1.67461  0.00869423
         491     1.52793     1.67431  0.00868166
         492     1.54769     1.67406  0.00866783
         493     1.56845     1.67384  0.00865289
         494     1.58962     1.67367  0.00863705
         495     1.61001     1.67354  0.00862056
         496     1.62824     1.67345  0.00860367
         497     1.64307     1.67339  0.00858657
         498      1.6536     1.67335  0.00856942
         499      1.6593     1.67332   0.0085523
         500     1.66004      1.6733  0.00853523
         501     1.65623     1.67326  0.00851826
         502     1.64894     1.67321  0.00850143
         503     1.63975     1.67315  0.00848479
         504     1.63052     1.67306  0.00846838
         505     1.62303     1.67296  0.00845219
         506     1.61866     1.67286  0.00843617
         507     1.61841     1.67275  0.00842021
         508     1.62329     1.67265   0.0084042
         509     1.63439     1.67258  0.00838802
         510     1.65219     1.67254  0.00837167
         511      1.6751     1.67254  0.00835529
         512     1.69926     1.67259  0.00833913
         513     1.72017     1.67269  0.00832339
         514     1.73453     1.67281  0.00830807
         515     1.74098     1.67294  0.00829299
         516     1.73974     1.67307  0.00827793
         517     1.73191     1.67318   0.0082627
         518     1.71902     1.67327  0.00824722
         519     1.70309     1.67333  0.00823153
         520     1.68664     1.67335  0.00821574
         521     1.67248     1.67335  0.00819998
         522     1.66326     1.67333  0.00818429
         523      1.6609     1.67331  0.00816867
         524     1.66613     1.67329   0.0081531
         525     1.67817      1.6733  0.00813757
         526     1.69509     1.67335  0.00812221
         527     1.71422     1.67342  0.00810717
         528     1.73289     1.67354  0.00809259
         529     1.74905     1.67368  0.00807855
         530     1.76157     1.67384  0.00806501
         531      1.7702     1.67403  0.00805187
         532     1.77527     1.67422  0.00803898
         533     1.77743     1.67441  0.00802623
         534     1.77737      1.6746  0.00801352
         535     1.77562     1.67479  0.00800076
         536     1.77207     1.67497  0.00798789
         537     1.76565     1.67514   0.0079748
         538     1.75433     1.67529  0.00796134
         539     1.73579      1.6754  0.00794736
         540     1.70845     1.67546  0.00793288
         541     1.67267     1.67546  0.00791821
         542     1.63171     1.67538  0.00790402
         543     1.59173     1.67522  0.00789096
         544      1.5597     1.67501  0.00787931
         545     1.53984     1.67476  0.00786876
         546     1.53151      1.6745  0.00785872
         547     1.53072     1.67424  0.00784875
         548     1.53339     1.67398  0.00783863
         549     1.53716     1.67373  0.00782831
         550     1.54132     1.67349  0.00781778
         551     1.54578     1.67326  0.00780703
         552     1.55049     1.67304  0.00779605
         553     1.55533     1.67282  0.00778486
         554      1.5603     1.67262  0.00777346
         555     1.56571     1.67243  0.00776184
         556     1.57228     1.67225  0.00774997
         557     1.58102     1.67208  0.00773778
         558      1.5928     1.67194  0.00772522
         559     1.60765     1.67183  0.00771226
         560     1.62423     1.67174  0.00769895
         561     1.63994     1.67168  0.00768544
         562       1.652     1.67165  0.00767184
         563     1.65834     1.67163  0.00765825
         564     1.65806      1.6716  0.00764471
         565     1.65123     1.67157  0.00763127
         566     1.63878     1.67151    0.007618
         567     1.62223     1.67142  0.00760506
         568     1.60346      1.6713  0.00759262
         569     1.58451     1.67115   0.0075808
         570     1.56756     1.67097  0.00756968
         571     1.55523     1.67076  0.00755914
         572     1.55061     1.67055  0.00754884
         573     1.55632     1.67035   0.0075383
         574     1.57279     1.67018  0.00752708
         575     1.59694     1.67006  0.00751507
         576     1.62285     1.66998  0.00750247
         577     1.64415     1.66993   0.0074896
         578     1.65648     1.66991  0.00747668
         579     1.65835     1.66989  0.00746379
         580     1.65084     1.66985    0.007451
         581     1.63674      1.6698  0.00743839
         582     1.61956     1.66971  0.00742611
         583     1.60264      1.6696  0.00741426
         584     1.58815     1.66946  0.00740288
         585      1.5768      1.6693  0.00739192
         586     1.56817     1.66913  0.00738132
         587     1.56163     1.66894  0.00737102
         588     1.55711     1.66875  0.00736093
         589     1.55523     1.66856  0.00735096
         590     1.55692     1.66837  0.00734093
         591     1.56275     1.66819  0.00733069
         592     1.57264     1.66803  0.00732008
         593     1.58565     1.66789  0.00730906
         594     1.60008     1.66778  0.00729764
         595     1.61371     1.66769  0.00728594
         596     1.62429     1.66761  0.00727408
         597     1.63026     1.66755  0.00726217
         598     1.63143     1.66749  0.00725027
         599      1.6292     1.66743  0.00723845
         600     1.62621     1.66736  0.00722671
         601     1.62541     1.66729  0.00721503
         602     1.62897     1.66722  0.00720332
         603     1.63754     1.66718  0.00719154
         604     1.65016     1.66715  0.00717969
         605     1.66466     1.66714  0.00716783
         606     1.67835     1.66716  0.00715602
         607     1.68863      1.6672  0.00714432
         608     1.69353     1.66724   0.0071327
         609     1.69201     1.66728   0.0071211
         610     1.68411     1.66731  0.00710948
         611      1.6711     1.66731  0.00709785
         612     1.65527     1.66729  0.00708628
         613     1.63946     1.66725  0.00707487
         614      1.6263     1.66718  0.00706366
         615     1.61755      1.6671  0.00705263
         616     1.61361     1.66702  0.00704172
         617     1.61391     1.66693  0.00703083
         618     1.61785     1.66685   0.0070199
         619     1.62561     1.66678  0.00700888
         620     1.63781     1.66674  0.00699773
         621      1.6543     1.66672  0.00698649
         622     1.67306     1.66673  0.00697527
         623     1.69042     1.66676  0.00696417
         624     1.70244     1.66682  0.00695325
         625      1.7065     1.66689  0.00694241
         626     1.70227     1.66694  0.00693155
         627     1.69149     1.66698  0.00692061
         628     1.67676       1.667   0.0069096
         629     1.66023     1.66699  0.00689863
         630     1.64299     1.66695  0.00688778
         631     1.62544     1.66688  0.00687718
         632     1.60783     1.66679  0.00686693
         633     1.59056     1.66667  0.00685714
         634     1.57428     1.66652  0.00684787
         635     1.56023     1.66635  0.00683914
         636     1.55063     1.66617   0.0068308
         637     1.54856     1.66599  0.00682257
         638     1.55679     1.66582  0.00681403
         639     1.57576     1.66568  0.00680482
         640     1.60248     1.66558  0.00679491
         641     1.63147     1.66552  0.00678451
         642     1.65703     1.66551  0.00677396
         643     1.67515     1.66553  0.00676344
         644     1.68414     1.66555    0.006753
         645     1.68446     1.66558  0.00674259
         646     1.67849      1.6656  0.00673219
         647     1.66969     1.66561  0.00672178
         648     1.66149      1.6656  0.00671141
         649     1.65608     1.66559  0.00670109
         650     1.65388     1.66557   0.0066908
         651     1.65376     1.66555  0.00668055
         652     1.65389     1.66554  0.00667033
         653     1.65247     1.66552  0.00666014
         654     1.64837     1.66549  0.00665001
         655     1.64143     1.66545  0.00663996
         656     1.63277      1.6654  0.00663002
         657      1.6246     1.66534  0.00662022
         658     1.61979     1.66527  0.00661052
         659     1.62107      1.6652  0.00660083
         660     1.63007     1.66515  0.00659105
         661     1.64688     1.66512  0.00658113
         662      1.6699     1.66513   0.0065712
         663     1.69638     1.66518  0.00656145
         664     1.72311     1.66526  0.00655215
         665     1.74698     1.66539  0.00654345
         666     1.76537     1.66554  0.00653535
         667     1.77648      1.6657  0.00652767
         668     1.77941     1.66587  0.00652011
         669     1.77433     1.66604  0.00651238
         670     1.76252     1.66618  0.00650425
         671     1.74623      1.6663  0.00649566
         672      1.7282     1.66639  0.00648664
         673     1.71077     1.66646  0.00647734
         674       1.695      1.6665  0.00646787
         675     1.68008     1.66652  0.00645832
         676     1.66381     1.66652  0.00644876
         677     1.64379     1.66648  0.00643933
         678     1.61871     1.66641  0.00643021
         679     1.58906      1.6663  0.00642175
         680     1.55715     1.66614  0.00641431
         681      1.5265     1.66593  0.00640817
         682     1.50082     1.66569  0.00640335
         683     1.48311     1.66542  0.00639955
         684     1.47506     1.66515  0.00639624
         685     1.47685     1.66487  0.00639281
         686     1.48752     1.66461  0.00638871
         687      1.5057     1.66438   0.0063836
         688        1.53     1.66419  0.00637731
         689     1.55894     1.66403  0.00636988
         690     1.59052     1.66393  0.00636154
         691     1.62208     1.66387  0.00635262
         692     1.65074     1.66385  0.00634347
         693     1.67401     1.66386  0.00633434
         694     1.69037      1.6639  0.00632532
         695      1.6995     1.66395  0.00631643
         696     1.70214     1.66401  0.00630759
         697     1.70005     1.66406  0.00629876
         698     1.69548      1.6641  0.00628989
         699     1.69037     1.66414  0.00628101
         700     1.68556     1.66417  0.00627211
         701     1.68069     1.66419  0.00626321
         702     1.67469     1.66421   0.0062543
         703     1.66653     1.66421  0.00624541
         704     1.65584      1.6642  0.00623655
         705     1.64317     1.66417  0.00622777
         706     1.62992     1.66412  0.00621914
         707      1.6183     1.66406  0.00621068
         708     1.61113     1.66398  0.00620236
         709     1.61128     1.66391  0.00619405
         710      1.6208     1.66385  0.00618563
         711     1.63961     1.66381  0.00617702
         712     1.66489     1.66381  0.00616835
         713     1.69208     1.66385  0.00615982
         714     1.71667     1.66393  0.00615164
         715     1.73534     1.66403  0.00614385
         716     1.74631     1.66414  0.00613634
         717     1.74906     1.66426  0.00612893
         718     1.74397     1.66437  0.00612139
         719     1.73181     1.66447   0.0061136
         720     1.71351     1.66453  0.00610549
         721      1.6904     1.66457  0.00609713
         722     1.66498     1.66457  0.00608868
         723     1.64131     1.66454  0.00608034
         724     1.62421     1.66448   0.0060722
         725     1.61741     1.66442  0.00606417
         726     1.62225     1.66436   0.0060561
         727     1.63738     1.66432  0.00604788
         728     1.65929     1.66432  0.00603958
         729     1.68322     1.66434  0.00603135
         730     1.70423      1.6644  0.00602333
         731     1.71817     1.66447  0.00601554
         732     1.72227     1.66455  0.00600784
         733     1.71529     1.66462  0.00600005
         734     1.69752     1.66466  0.00599204
         735     1.67059     1.66467  0.00598389
         736     1.63756     1.66463  0.00597588
         737     1.60264     1.66455  0.00596836
         738     1.57079     1.66442  0.00596162
         739     1.54714     1.66426  0.00595567
         740     1.53614     1.66409  0.00595014
         741     1.54027     1.66392  0.00594445
         742     1.55885     1.66378  0.00593813
         743     1.58762     1.66368  0.00593102
         744     1.62028     1.66362  0.00592334
         745     1.65091      1.6636  0.00591541
         746     1.67549     1.66362   0.0059075
         747     1.69224     1.66366  0.00589972
         748     1.70145     1.66371  0.00589205
         749     1.70515     1.66376  0.00588444
         750     1.70623     1.66382  0.00587687
         751     1.70694     1.66388  0.00586932
         752     1.70754     1.66394   0.0058618
         753     1.70665     1.66399  0.00585429
         754     1.70248     1.66404  0.00584675
         755     1.69401     1.66408  0.00583914
         756     1.68124     1.66411  0.00583146
         757     1.66541     1.66411  0.00582376
         758     1.64894     1.66409  0.00581611
         759     1.63478     1.66405  0.00580858
         760      1.6253       1.664  0.00580116
         761     1.62126     1.66394  0.00579381
         762     1.62202     1.66389  0.00578646
         763     1.62658     1.66384  0.00577909
         764     1.63447      1.6638  0.00577165
         765     1.64552     1.66378  0.00576415
         766     1.65895     1.66377  0.00575663
         767     1.67282     1.66378  0.00574914
         768     1.68448     1.66381  0.00574172
         769     1.69168     1.66385  0.00573437
         770     1.69364     1.66388  0.00572705
         771     1.69143     1.66392  0.00571973
         772     1.68774     1.66395  0.00571241
         773     1.68562     1.66398  0.00570508
         774     1.68701     1.66401  0.00569779
         775     1.69179     1.66404  0.00569055
         776     1.69785     1.66409  0.00568339
         777     1.70223     1.66414  0.00567628
         778      1.7024     1.66419   0.0056692
         779     1.69696     1.66423  0.00566208
         780     1.68588     1.66426  0.00565489
         781     1.67024     1.66426  0.00564765
         782     1.65212     1.66425  0.00564045
         783     1.63424     1.66421  0.00563338
         784     1.61945     1.66415  0.00562648
         785     1.60992     1.66408  0.00561974
         786     1.60662     1.66401  0.00561306
         787      1.6094     1.66394  0.00560636
         788     1.61739     1.66388  0.00559956
         789     1.62924     1.66384  0.00559263
         790     1.64351     1.66381  0.00558561
         791     1.65852     1.66381  0.00557856
         792     1.67233     1.66382  0.00557152
         793     1.68272     1.66384  0.00556455
         794     1.68771     1.66387  0.00555762
         795     1.68628      1.6639   0.0055507
         796     1.67923     1.66392  0.00554376
         797     1.66958     1.66392  0.00553681
         798     1.66174     1.66392  0.00552987
         799     1.65936     1.66392  0.00552295
         800       1.663     1.66392  0.00551605
         801      1.6698     1.66392  0.00550917
         802     1.67546     1.66394  0.00550232
         803     1.67671     1.66395  0.00549549
         804     1.67254     1.66396  0.00548866
         805     1.66425     1.66396  0.00548185
         806     1.65457     1.66395  0.00547506
         807     1.64639     1.66393  0.00546832
         808     1.64147      1.6639  0.00546162
         809     1.63987     1.66387  0.00545495
         810     1.64079     1.66384  0.00544829
         811     1.64393     1.66382  0.00544163
         812      1.6498      1.6638  0.00543495
         813     1.65891      1.6638  0.00542827
         814     1.67074     1.66381  0.00542161
         815     1.68369     1.66383  0.00541501
         816     1.69573     1.66387  0.00540852
         817     1.70542     1.66392  0.00540214
         818     1.71238     1.66398  0.00539586
         819     1.71696     1.66404  0.00538966
         820     1.71959     1.66411  0.00538351
         821     1.72014     1.66418  0.00537738
         822     1.71799     1.66424  0.00537124
         823      1.7123      1.6643  0.00536503
         824     1.70246     1.66435  0.00535872
         825     1.68845     1.66438   0.0053523
         826     1.67104     1.66439  0.00534583
         827     1.65185     1.66437  0.00533939
         828     1.63311     1.66433  0.00533307
         829     1.61725     1.66428  0.00532694
         830     1.60647     1.66421  0.00532098
         831     1.60236     1.66413   0.0053151
         832     1.60558     1.66406  0.00530917
         833      1.6157       1.664  0.00530312
         834      1.6313     1.66397   0.0052969
         835     1.65027     1.66395  0.00529059
         836     1.67013     1.66396  0.00528426
         837     1.68854     1.66399  0.00527803
         838     1.70371     1.66403  0.00527195
         839     1.71479     1.66409  0.00526601
         840     1.72196     1.66416  0.00526019
         841     1.72626     1.66424  0.00525445
         842     1.72915     1.66431  0.00524878
         843     1.73182     1.66439  0.00524316
         844     1.73487     1.66448  0.00523762
         845     1.73805     1.66456  0.00523214
         846     1.74052     1.66465  0.00522673
         847     1.74141     1.66474  0.00522134
         848     1.74025     1.66483  0.00521594
         849     1.73729     1.66492   0.0052105
         850     1.73337       1.665  0.00520499
         851     1.72956     1.66508  0.00519943
         852     1.72683     1.66515  0.00519383
         853     1.72565     1.66522  0.00518823
         854     1.72585     1.66529  0.00518264
         855     1.72675     1.66536  0.00517707
         856     1.72749     1.66543  0.00517153
         857     1.72725     1.66551    0.005166
         858     1.72552     1.66558  0.00516046
         859     1.72222     1.66564  0.00515487
         860     1.71764      1.6657  0.00514923
         861     1.71214     1.66576  0.00514353
         862     1.70596      1.6658  0.00513778
         863      1.6991     1.66584  0.00513197
         864     1.69117     1.66587  0.00512611
         865     1.68142     1.66589  0.00512022
         866     1.66906     1.66589  0.00511431
         867     1.65377     1.66588  0.00510843
         868     1.63634     1.66584  0.00510265
         869     1.61867     1.66579  0.00509707
         870     1.60332     1.66572  0.00509172
         871     1.59246     1.66563  0.00508657
         872     1.58705     1.66554  0.00508153
         873     1.58677     1.66545  0.00507651
         874      1.5907     1.66537  0.00507142
         875     1.59785     1.66529  0.00506622
         876     1.60764     1.66523  0.00506086
         877     1.61981     1.66517  0.00505535
         878     1.63407     1.66514  0.00504972
         879      1.6496     1.66512  0.00504401
         880     1.66474     1.66512  0.00503827
         881     1.67706     1.66513  0.00503257
         882     1.68414     1.66516  0.00502691
         883     1.68471     1.66518  0.00502127
         884     1.67969     1.66519  0.00501562
         885     1.67221      1.6652  0.00500996
         886     1.66591      1.6652   0.0050043
         887     1.66289      1.6652  0.00499866
         888     1.66281      1.6652  0.00499303
         889     1.66383      1.6652  0.00498742
         890     1.66416     1.66519  0.00498181
         891     1.66302     1.66519  0.00497622
         892     1.66104     1.66519  0.00497064
         893        1.66     1.66518  0.00496508
         894     1.66205     1.66518  0.00495953
         895     1.66876     1.66518  0.00495399
         896     1.68044      1.6652  0.00494849
         897     1.69615     1.66523  0.00494309
         898     1.71395     1.66529  0.00493789
         899     1.73147     1.66536  0.00493294
         900     1.74637     1.66545  0.00492828
         901     1.75673     1.66555  0.00492385
         902     1.76127     1.66566  0.00491954
         903      1.7596     1.66576  0.00491519
         904      1.7524     1.66586  0.00491069
         905     1.74137     1.66594  0.00490597
         906     1.72886     1.66601  0.00490105
         907     1.71741     1.66607  0.00489597
         908     1.70901     1.66612  0.00489081
         909     1.70464     1.66616  0.00488561
         910     1.70416      1.6662  0.00488042
         911     1.70662     1.66624  0.00487526
         912     1.71094     1.66629  0.00487016
         913     1.71627     1.66635  0.00486514
         914     1.72199     1.66641   0.0048602
         915     1.72741     1.66648  0.00485534
         916     1.73177     1.66655  0.00485056
         917     1.73438     1.66662  0.00484584
         918     1.73488      1.6667  0.00484113
         919     1.73344     1.66677  0.00483641
         920     1.73093     1.66684  0.00483165
         921     1.72879     1.66691  0.00482688
         922     1.72872     1.66697  0.00482211
         923     1.73202     1.66704   0.0048174
         924     1.73892     1.66712  0.00481281
         925     1.74884     1.66721  0.00480842
         926     1.76108     1.66731  0.00480429
         927     1.77518     1.66743  0.00480052
         928     1.79056     1.66756  0.00479718
         929       1.806     1.66771  0.00479433
         930     1.81958     1.66787  0.00479196
         931     1.82929     1.66804  0.00478994
         932      1.8336     1.66822   0.0047881
         933     1.83175      1.6684  0.00478617
         934     1.82367     1.66856  0.00478393
         935     1.80985     1.66872   0.0047812
         936     1.79114     1.66885  0.00477788
         937     1.76852     1.66895  0.00477397
         938     1.74287     1.66903  0.00476953
         939     1.71476     1.66908   0.0047647
         940     1.68443      1.6691  0.00475966
         941     1.65208     1.66908  0.00475464
         942     1.61828     1.66902  0.00474989
         943     1.58456     1.66893   0.0047457
         944     1.55348     1.66881  0.00474225
         945     1.52827     1.66866  0.00473956
         946     1.51202      1.6685  0.00473744
         947      1.5064     1.66833  0.00473553
         948     1.51085     1.66816  0.00473345
         949     1.52292     1.66801  0.00473094
         950     1.53995     1.66787  0.00472788
         951     1.56064     1.66776  0.00472425
         952     1.58501     1.66767  0.00472009
         953     1.61276     1.66762  0.00471549
         954     1.64184     1.66759  0.00471062
         955     1.66876     1.66759  0.00470569
         956     1.68997     1.66761  0.00470082
         957     1.70303     1.66765  0.00469606
         958     1.70702     1.66769  0.00469133
         959     1.70242     1.66773  0.00468658
         960     1.69087     1.66775  0.00468176
         961      1.6746     1.66776   0.0046769
         962     1.65587     1.66775  0.00467205
         963     1.63674     1.66771  0.00466731
         964     1.61925     1.66766  0.00466274
         965     1.60582      1.6676  0.00465835
         966     1.59888     1.66753  0.00465407
         967      1.5997     1.66746  0.00464978
         968      1.6075      1.6674  0.00464539
         969     1.61964     1.66735  0.00464086
         970     1.63289     1.66731  0.00463621
         971     1.64478     1.66729   0.0046315
         972     1.65443     1.66728  0.00462675
         973     1.66255     1.66727    0.004622
         974     1.67087     1.66727  0.00461725
         975       1.681     1.66729  0.00461254
         976     1.69336     1.66731  0.00460789
         977     1.70653     1.66735  0.00460335
         978     1.71751     1.66741  0.00459893
         979     1.72281     1.66746  0.00459458
         980     1.72009     1.66752   0.0045902
         981     1.70917     1.66756  0.00458572
         982     1.69209     1.66758  0.00458112
         983      1.6721     1.66759  0.00457646
         984     1.65226     1.66757  0.00457184
         985     1.63468     1.66754  0.00456732
         986     1.62046     1.66749  0.00456294
         987     1.61016     1.66743  0.00455868
         988     1.60411     1.66737  0.00455452
         989     1.60268      1.6673  0.00455038
         990     1.60609     1.66724  0.00454621
         991      1.6142     1.66719  0.00454193
         992     1.62637     1.66715  0.00453754
         993     1.64133     1.66712  0.00453305
         994      1.6575     1.66711   0.0045285
         995      1.6733     1.66712  0.00452395
         996     1.68767     1.66714  0.00451945
         997     1.70021     1.66717  0.00451504
         998     1.71108     1.66722  0.00451073
         999      1.7205     1.66727  0.00450653
        1000     1.72842     1.66733  0.00450244
        1001     1.73438      1.6674  0.00449844
        1002      1.7377     1.66747   0.0044945
        1003     1.73774     1.66754  0.00449057
        1004     1.73422      1.6676  0.00448658
        1005     1.72745     1.66766  0.00448251
        1006     1.71826     1.66771  0.00447834
        1007     1.70785     1.66775  0.00447407
        1008     1.69754     1.66778  0.00446973
        1009     1.68864      1.6678  0.00446535
        1010     1.68242     1.66782  0.00446095
        1011     1.67995     1.66783  0.00445655
        1012     1.68194     1.66784  0.00445217
        1013     1.68836     1.66786  0.00444782
        1014     1.69818     1.66789  0.00444354
        1015     1.70941     1.66794  0.00443935
        1016     1.71966     1.66799  0.00443527
        1017     1.72686     1.66804  0.00443129
        1018     1.72998     1.66811  0.00442735
        1019     1.72949     1.66817  0.00442342
        1020     1.72724     1.66822  0.00441946
        1021      1.7259     1.66828  0.00441549
        1022     1.72773     1.66834  0.00441155
        1023     1.73329      1.6684   0.0044077
        1024     1.74098     1.66847  0.00440396
        1025     1.74779     1.66855  0.00440035
        1026     1.75072     1.66863  0.00439679
        1027     1.74769     1.66871  0.00439318
        1028     1.73801     1.66877  0.00438942
        1029     1.72227     1.66883  0.00438547
        1030     1.70222     1.66886  0.00438133
        1031     1.68037     1.66887  0.00437709
        1032     1.65931     1.66886  0.00437286
        1033     1.64093     1.66883  0.00436871
        1034     1.62578     1.66879  0.00436468
        1035     1.61308     1.66874   0.0043608
        1036     1.60145     1.66867  0.00435707
        1037     1.58992      1.6686  0.00435353
        1038     1.57856     1.66851   0.0043502
        1039     1.56849     1.66841  0.00434708
        1040     1.56118     1.66831  0.00434413
        1041     1.55786      1.6682  0.00434125
        1042     1.55913      1.6681  0.00433834
        1043     1.56491       1.668  0.00433531
        1044     1.57462     1.66791  0.00433208
        1045     1.58734     1.66783  0.00432862
        1046     1.60192     1.66777  0.00432494
        1047     1.61731     1.66772  0.00432108
        1048     1.63263     1.66769  0.00431709
        1049     1.64719     1.66767  0.00431302
        1050     1.66016     1.66766  0.00430891
        1051     1.67054     1.66767  0.00430482
        1052      1.6777     1.66768  0.00430073
        1053     1.68227     1.66769  0.00429667
        1054     1.68636     1.66771  0.00429263
        1055     1.69219     1.66773  0.00428863
        1056     1.70012     1.66776  0.00428467
        1057     1.70836      1.6678  0.00428079
        1058     1.71435     1.66784  0.00427697
        1059      1.7163     1.66789  0.00427318
        1060     1.71386     1.66793  0.00426937
        1061      1.7079     1.66797  0.00426551
        1062     1.70009       1.668   0.0042616
        1063     1.69254     1.66802  0.00425765
        1064     1.68736     1.66804  0.00425369
        1065     1.68622     1.66806  0.00424973
        1066     1.69008     1.66808  0.00424579
        1067     1.69902     1.66811  0.00424191
        1068     1.71215     1.66815  0.00423814
        1069      1.7275     1.66821  0.00423454
        1070     1.74204     1.66827  0.00423115
        1071     1.75221     1.66835  0.00422792
        1072      1.7547     1.66843  0.00422475
        1073     1.74739     1.66851  0.00422145
        1074     1.72981     1.66856   0.0042179
        1075     1.70363      1.6686  0.00421411
        1076     1.67325      1.6686  0.00421019
        1077     1.64563     1.66858  0.00420634
        1078     1.62862     1.66854   0.0042026
        1079      1.6275      1.6685  0.00419888
        1080     1.64239     1.66848  0.00419506
        1081     1.66905     1.66848  0.00419118
        1082      1.7014     1.66851  0.00418741
        1083     1.73323     1.66857  0.00418397
        1084     1.75888     1.66865  0.00418094
        1085     1.77377     1.66875  0.00417821
        1086     1.77508     1.66885  0.00417551
        1087     1.76227     1.66894  0.00417255
        1088     1.73723       1.669  0.00416919
        1089       1.704     1.66903  0.00416549
        1090     1.66811     1.66903  0.00416167
        1091     1.63558       1.669  0.00415796
        1092     1.61192     1.66895  0.00415449
        1093     1.60114     1.66888  0.00415115
        1094     1.60478     1.66883  0.00414777
        1095     1.62149     1.66878   0.0041442
        1096     1.64736     1.66876  0.00414047
        1097      1.6772     1.66877   0.0041367
        1098     1.70598      1.6688  0.00413307
        1099     1.72958     1.66886  0.00412968
        1100     1.74507     1.66893  0.00412651
        1101     1.75064       1.669  0.00412343
        1102     1.74578     1.66907  0.00412027
        1103     1.73149     1.66913  0.00411693
        1104     1.71025     1.66917  0.00411337
        1105     1.68556     1.66918  0.00410967
        1106     1.66088     1.66917  0.00410596
        1107     1.63877     1.66915  0.00410235
        1108     1.62068      1.6691  0.00409888
        1109     1.60722     1.66905  0.00409556
        1110      1.5985     1.66898  0.00409236
        1111     1.59397     1.66892  0.00408924
        1112      1.5924     1.66885  0.00408614
        1113     1.59239     1.66878  0.00408304
        1114     1.59329     1.66871  0.00407994
        1115     1.59592     1.66865   0.0040768
        1116      1.6022     1.66859  0.00407359
        1117      1.6137     1.66854  0.00407024
        1118     1.62994      1.6685  0.00406674
        1119      1.6481     1.66848  0.00406315
        1120     1.66424     1.66848  0.00405952
        1121     1.67514     1.66849  0.00405591
        1122     1.67947      1.6685   0.0040523
        1123     1.67817      1.6685   0.0040487
        1124     1.67403     1.66851   0.0040451
        1125     1.67086     1.66851  0.00404151
        1126     1.67214     1.66851  0.00403792
        1127     1.67934     1.66852  0.00403435
        1128     1.69109     1.66854  0.00403082
        1129     1.70373     1.66858  0.00402737
        1130      1.7129     1.66861    0.004024
        1131     1.71507     1.66866  0.00402065
        1132     1.70836     1.66869  0.00401725
        1133     1.69284     1.66871  0.00401376
        1134     1.67067     1.66871  0.00401022
        1135     1.64619     1.66869  0.00400674
        1136     1.62511     1.66866   0.0040034
        1137     1.61219     1.66861  0.00400018
        1138     1.60842     1.66855  0.00399702
        1139     1.61075      1.6685  0.00399383
        1140     1.61489     1.66846   0.0039906
        1141     1.61813     1.66841  0.00398735
        1142     1.61997     1.66837  0.00398408
        1143     1.62133     1.66833  0.00398081
        1144     1.62361     1.66829  0.00397752
        1145     1.62802     1.66825  0.00397421
        1146     1.63524     1.66822  0.00397084
        1147     1.64514      1.6682  0.00396743
        1148     1.65675     1.66819  0.00396399
        1149     1.66853     1.66819  0.00396054
        1150     1.67883      1.6682   0.0039571
        1151     1.68628     1.66822   0.0039537
        1152     1.69006     1.66824  0.00395031
        1153     1.68996     1.66826  0.00394693
        1154     1.68625     1.66827  0.00394354
        1155     1.67941     1.66828  0.00394014
        1156     1.66998     1.66828  0.00393673
        1157     1.65853     1.66828  0.00393334
        1158     1.64587     1.66826  0.00392999
        1159     1.63331     1.66823  0.00392671
        1160     1.62264     1.66819  0.00392352
        1161     1.61581     1.66814   0.0039204
        1162     1.61443      1.6681   0.0039173
        1163     1.61909     1.66805  0.00391416
        1164     1.62888     1.66802  0.00391094
        1165     1.64149       1.668  0.00390765
        1166     1.65412     1.66799  0.00390432
        1167     1.66437     1.66798  0.00390097
        1168     1.67087     1.66798  0.00389764
        1169     1.67335     1.66799   0.0038943
        1170     1.67223     1.66799  0.00389098
        1171     1.66822     1.66799  0.00388765
        1172     1.66217     1.66799  0.00388434
        1173     1.65518     1.66798  0.00388104
        1174     1.64863     1.66796  0.00387777
        1175     1.64395     1.66794  0.00387453
        1176     1.64208     1.66792  0.00387129
        1177     1.64325      1.6679  0.00386806
        1178     1.64718     1.66788  0.00386482
        1179     1.65358     1.66787  0.00386156
        1180     1.66226     1.66786  0.00385829
        1181     1.67289     1.66787  0.00385503
        1182     1.68476     1.66788  0.00385179
        1183     1.69645     1.66791  0.00384861
        1184     1.70596     1.66794  0.00384549
        1185     1.71098     1.66797  0.00384242
        1186      1.7095     1.66801  0.00383934
        1187     1.70057     1.66804   0.0038362
        1188     1.68531     1.66805    0.003833
        1189     1.66704     1.66805  0.00382978
        1190     1.65035     1.66804  0.00382659
        1191     1.63894     1.66801  0.00382345
        1192     1.63379     1.66798  0.00382035
        1193     1.63326     1.66795  0.00381726
        1194     1.63483     1.66793  0.00381417
        1195     1.63671      1.6679  0.00381106
        1196     1.63831     1.66787  0.00380796
        1197     1.63985     1.66785  0.00380485
        1198     1.64173     1.66783  0.00380174
        1199     1.64402     1.66781  0.00379862
        1200     1.64619     1.66779  0.00379549
        1201     1.64716     1.66777  0.00379237
        1202     1.64556     1.66776  0.00378926
        1203     1.64013     1.66773  0.00378618
        1204     1.63021      1.6677  0.00378317
        1205     1.61602     1.66766  0.00378027
        1206     1.59877      1.6676  0.00377757
        1207     1.58054     1.66753  0.00377512
        1208      1.5641     1.66744  0.00377297
        1209     1.55228     1.66735  0.00377105
        1210     1.54715     1.66725  0.00376924
        1211     1.54912     1.66715  0.00376739
        1212     1.55681     1.66706  0.00376538
        1213       1.568     1.66698  0.00376317
        1214     1.58063     1.66691  0.00376074
        1215     1.59305     1.66685  0.00375813
        1216     1.60405      1.6668   0.0037554
        1217     1.61288     1.66675  0.00375257
        1218     1.61948     1.66671  0.00374969
        1219     1.62427     1.66668  0.00374678
        1220     1.62791     1.66665  0.00374384
        1221     1.63111     1.66662  0.00374089
        1222     1.63437     1.66659  0.00373792
        1223     1.63815     1.66657  0.00373494
        1224     1.64275     1.66655  0.00373194
        1225     1.64831     1.66653  0.00372892
        1226     1.65482     1.66652  0.00372589
        1227     1.66206     1.66652  0.00372286
        1228     1.66947     1.66652  0.00371983
        1229      1.6762     1.66653  0.00371681
        1230     1.68133     1.66654   0.0037138
        1231     1.68436     1.66656  0.00371082
        1232     1.68534     1.66657  0.00370784
        1233     1.68475     1.66659  0.00370486
        1234     1.68313      1.6666  0.00370188
        1235     1.68097     1.66661   0.0036989
        1236     1.67873     1.66662  0.00369592
        1237     1.67674     1.66663  0.00369294
        1238      1.6748     1.66664  0.00368996
        1239     1.67193     1.66664  0.00368699
        1240     1.66634     1.66664  0.00368402
        1241     1.65611     1.66663  0.00368106
        1242     1.63987     1.66661  0.00367816
        1243     1.61751     1.66657  0.00367541
        1244     1.59075     1.66651  0.00367296
        1245     1.56319     1.66643  0.00367095
        1246     1.53969     1.66632  0.00366941
        1247      1.5248     1.66621  0.00366822
        1248     1.52094     1.66609  0.00366713
        1249     1.52772     1.66598  0.00366587
        1250     1.54283     1.66589  0.00366426
        1251     1.56332      1.6658  0.00366225
        1252     1.58631     1.66574  0.00365987
        1253     1.60901     1.66569  0.00365723
        1254     1.62895     1.66567  0.00365443
        1255     1.64441     1.66565  0.00365156
        1256     1.65468     1.66564  0.00364866
        1257     1.66009     1.66564  0.00364576
        1258     1.66163     1.66563  0.00364286
        1259      1.6607     1.66563  0.00363997
        1260     1.65901     1.66562  0.00363709
        1261     1.65865     1.66562  0.00363421
        1262     1.66193     1.66561  0.00363133
        1263     1.67063     1.66562  0.00362846
        1264     1.68512     1.66563  0.00362562
        1265     1.70372     1.66566  0.00362288
        1266     1.72274     1.66571   0.0036203
        1267      1.7374     1.66577  0.00361788
        1268     1.74371     1.66583  0.00361555
        1269     1.74104     1.66589  0.00361319
        1270     1.73402     1.66594  0.00361074
        1271     1.73045     1.66599  0.00360826
        1272     1.73496     1.66604  0.00360583
        1273     1.74503     1.66611  0.00360353
        1274     1.75439     1.66618  0.00360136
        1275     1.75854     1.66625  0.00359927
        1276     1.75628     1.66632  0.00359714
        1277     1.74852     1.66638   0.0035949
        1278     1.73703     1.66644  0.00359251
        1279     1.72422     1.66648  0.00358999
        1280     1.71303     1.66652  0.00358737
        1281     1.70627     1.66655   0.0035847
        1282     1.70548     1.66658  0.00358203
        1283     1.70994     1.66662   0.0035794
        1284     1.71698     1.66665  0.00357683
        1285     1.72337      1.6667  0.00357432
        1286     1.72687     1.66675  0.00357184
        1287      1.7268     1.66679  0.00356937
        1288     1.72404     1.66684  0.00356688
        1289     1.72033     1.66688  0.00356435
        1290     1.71719     1.66692   0.0035618
        1291      1.7149     1.66695  0.00355924
        1292       1.712     1.66699  0.00355665
        1293     1.70627     1.66702  0.00355403
        1294     1.69627     1.66704  0.00355136
        1295     1.68282     1.66705  0.00354864
        1296     1.66902     1.66706   0.0035459
        1297     1.65882     1.66705  0.00354317
        1298     1.65479     1.66704  0.00354045
        1299     1.65685     1.66703  0.00353774
        1300     1.66265     1.66703  0.00353502
        1301     1.66915     1.66703   0.0035323
        1302     1.67377     1.66704  0.00352959
        1303     1.67497     1.66704  0.00352689
        1304     1.67204     1.66705  0.00352418
        1305     1.66502     1.66704  0.00352148
        1306     1.65458     1.66703   0.0035188
        1307     1.64236     1.66702  0.00351616
        1308     1.63102     1.66699  0.00351358
        1309     1.62406     1.66696  0.00351105
        1310     1.62488     1.66692  0.00350851
        1311     1.63562      1.6669  0.00350592
        1312     1.65627     1.66689  0.00350326
        1313     1.68451      1.6669  0.00350061
        1314     1.71634     1.66694  0.00349815
        1315     1.74722       1.667  0.00349602
        1316      1.7731     1.66708   0.0034943
        1317     1.79125     1.66718  0.00349291
        1318     1.80043     1.66728  0.00349173
        1319     1.80049     1.66738  0.00349054
        1320     1.79169     1.66747  0.00348917
        1321     1.77428     1.66756  0.00348746
        1322     1.74864     1.66762  0.00348536
        1323      1.7159     1.66765  0.00348292
        1324      1.6788     1.66766   0.0034803
        1325     1.64192     1.66764  0.00347773
        1326     1.61117      1.6676  0.00347536
        1327     1.59195     1.66754  0.00347321
        1328     1.58699     1.66748  0.00347113
        1329     1.59499     1.66743  0.00346894
        1330     1.61145     1.66739  0.00346659
        1331      1.6309     1.66736   0.0034641
        1332     1.64901     1.66734  0.00346152
        1333     1.66314     1.66734  0.00345893
        1334     1.67203     1.66734  0.00345634
        1335      1.6748     1.66735  0.00345375
        1336     1.67048     1.66735  0.00345117
        1337     1.65789     1.66735  0.00344859
        1338     1.63658     1.66732  0.00344609
        1339     1.60776     1.66728  0.00344381
        1340     1.57488     1.66721  0.00344193
        1341     1.54331     1.66712   0.0034406
        1342     1.51947     1.66701  0.00343979
        1343     1.50921     1.66689  0.00343924
        1344     1.51596     1.66678  0.00343851
        1345      1.5389     1.66668  0.00343727
        1346     1.57258     1.66661  0.00343543
        1347     1.60906     1.66657  0.00343314
        1348     1.64107     1.66655  0.00343065
        1349     1.66411     1.66655  0.00342811
        1350     1.67685     1.66656  0.00342557
        1351     1.68029     1.66657  0.00342305
        1352      1.6764     1.66657  0.00342053
        1353     1.66701     1.66657    0.003418
        1354     1.65347     1.66656  0.00341549
        1355     1.63725     1.66654  0.00341304
        1356     1.62033     1.66651  0.00341069
        1357     1.60507     1.66646  0.00340848
        1358     1.59333     1.66641  0.00340639
        1359     1.58563     1.66635  0.00340441
        1360     1.58115     1.66629  0.00340248
        1361     1.57852     1.66622  0.00340059
        1362      1.5772     1.66616  0.00339872
        1363     1.57824     1.66609  0.00339684
        1364     1.58422     1.66603  0.00339488
        1365     1.59815     1.66598  0.00339276
        1366     1.62189     1.66595  0.00339043
        1367      1.6548     1.66594  0.00338796
        1368     1.69358     1.66596  0.00338554
        1369     1.73329     1.66601  0.00338343
        1370     1.76905     1.66609  0.00338179
        1371     1.79725     1.66618  0.00338068
        1372     1.81587     1.66629  0.00337997
        1373      1.8241     1.66641  0.00337947
        1374     1.82224     1.66652  0.00337891
        1375     1.81154     1.66663   0.0033781
        1376     1.79415     1.66672  0.00337691
        1377     1.77277      1.6668  0.00337534
        1378     1.74995     1.66686  0.00337343
        1379     1.72752      1.6669  0.00337127
        1380     1.70659     1.66693  0.00336895
        1381      1.6879     1.66694  0.00336654
        1382     1.67212     1.66695  0.00336411
        1383     1.65993     1.66694  0.00336168
        1384     1.65197     1.66693  0.00335927
        1385     1.64882     1.66692  0.00335687
        1386     1.65086     1.66691  0.00335447
        1387     1.65813      1.6669  0.00335205
        1388     1.67004      1.6669  0.00334964
        1389     1.68516     1.66692  0.00334725
        1390     1.70122     1.66694  0.00334494
        1391     1.71546     1.66698  0.00334272
        1392     1.72534     1.66702  0.00334058
        1393     1.72911     1.66706  0.00333848
        1394     1.72627      1.6671  0.00333635
        1395      1.7177     1.66714  0.00333416
        1396     1.70539     1.66717  0.00333188
        1397     1.69177     1.66719  0.00332954
        1398     1.67886     1.66719  0.00332717
        1399     1.66786     1.66719  0.00332479
        1400     1.65935     1.66719  0.00332242
        1401     1.65417     1.66718  0.00332006
        1402     1.65373     1.66717  0.00331771
        1403     1.65958     1.66716  0.00331535
        1404     1.67253     1.66717  0.00331299
        1405     1.69188     1.66719  0.00331068
        1406     1.71545     1.66722   0.0033085
        1407     1.74005     1.66727  0.00330656
        1408     1.76219     1.66734  0.00330489
        1409     1.77874     1.66742  0.00330349
        1410     1.78741      1.6675  0.00330225
        1411     1.78705     1.66759  0.00330099
        1412     1.77777     1.66767  0.00329958
        1413     1.76099     1.66773   0.0032979
        1414      1.7392     1.66778  0.00329596
        1415     1.71553     1.66782   0.0032938
        1416      1.6929     1.66783  0.00329152
        1417      1.6733     1.66784   0.0032892
        1418      1.6572     1.66783  0.00328689
        1419     1.64369     1.66781  0.00328462
        1420     1.63107     1.66779  0.00328241
        1421     1.61788     1.66775  0.00328029
        1422     1.60384     1.66771  0.00327829
        1423     1.59049     1.66765  0.00327643
        1424      1.5809     1.66759   0.0032747
        1425      1.5786     1.66753    0.003273
        1426     1.58589     1.66747   0.0032712
        1427     1.60242     1.66743  0.00326923
        1428     1.62511      1.6674  0.00326707
        1429     1.64923     1.66739  0.00326481
        1430     1.67039     1.66739  0.00326253
        1431     1.68619      1.6674  0.00326027
        1432     1.69659     1.66742  0.00325806
        1433      1.7031     1.66745  0.00325588
        1434     1.70733     1.66747  0.00325373
        1435        1.71      1.6675   0.0032516
        1436     1.71088     1.66753  0.00324947
        1437     1.70947     1.66756  0.00324734
        1438     1.70539     1.66759  0.00324519
        1439     1.69828     1.66761  0.00324301
        1440     1.68767     1.66762  0.00324079
        1441     1.67312     1.66763  0.00323854
        1442     1.65475     1.66762  0.00323631
        1443     1.63347      1.6676  0.00323415
        1444     1.61085     1.66756  0.00323215
        1445     1.58842      1.6675  0.00323038
        1446     1.56695     1.66743  0.00322889
        1447     1.54633     1.66735  0.00322774
        1448     1.52624     1.66725  0.00322698
        1449     1.50734     1.66714  0.00322664
        1450     1.49183     1.66702  0.00322668
        1451     1.48313     1.66689  0.00322695
        1452     1.48468     1.66677  0.00322716
        1453     1.49832     1.66665  0.00322702
        1454     1.52325     1.66655  0.00322631
        1455     1.55593     1.66648  0.00322499
        1456     1.59101     1.66642  0.00322319
        1457     1.62284     1.66639  0.00322112
        1458     1.64682     1.66638  0.00321894
        1459     1.66022     1.66638  0.00321673
        1460     1.66248     1.66637  0.00321453
        1461      1.6548     1.66637  0.00321234
        1462     1.63948     1.66635   0.0032102
        1463     1.61921     1.66632  0.00320816
        1464     1.59678     1.66627  0.00320632
        1465     1.57505     1.66621  0.00320474
        1466     1.55693     1.66613  0.00320342
        1467     1.54489     1.66605   0.0032023
        1468     1.54022     1.66596  0.00320127
        1469     1.54245     1.66588  0.00320019
        1470     1.54975      1.6658  0.00319899
        1471     1.55979     1.66573  0.00319763
        1472     1.57046     1.66566  0.00319611
        1473     1.58008     1.66561  0.00319447
        1474     1.58776     1.66555  0.00319274
        1475     1.59377      1.6655  0.00319094
        1476     1.59933     1.66546   0.0031891
        1477     1.60564     1.66542   0.0031872
        1478      1.6127     1.66538  0.00318524
        1479     1.61894     1.66535  0.00318324
        1480     1.62227     1.66532  0.00318122
        1481     1.62146     1.66529  0.00317921
        1482      1.6169     1.66526  0.00317723
        1483     1.61034     1.66522  0.00317531
        1484     1.60425     1.66518  0.00317343
        1485     1.60093     1.66514  0.00317159
        1486     1.60191      1.6651  0.00316974
        1487     1.60765     1.66506  0.00316785
        1488     1.61742     1.66503  0.00316588
        1489     1.62969       1.665  0.00316384
        1490     1.64261     1.66499  0.00316175
        1491     1.65456     1.66498  0.00315964
        1492     1.66438     1.66498  0.00315752
        1493     1.67136     1.66498  0.00315541
        1494     1.67506     1.66499  0.00315331
        1495     1.67507       1.665   0.0031512
        1496     1.67075       1.665   0.0031491
        1497     1.66135       1.665    0.003147
        1498     1.64644     1.66499  0.00314492
        1499     1.62626     1.66496  0.00314293
        1500     1.60193     1.66492  0.00314112
