           1     1.97948     1.97948           0
           2       1.976     1.97774  0.00123264
           3     1.96859     1.97469  0.00262129
           4     1.95669     1.97019  0.00436442
           5     1.93939     1.96403  0.00652261
           6     1.91545     1.95593  0.00917457
           7     1.88328     1.94556   0.0124166
           8     1.84107      1.9325   0.0163491
           9     1.78702     1.91633   0.0210578
          10     1.71979     1.89668   0.0265862
          11     1.63916     1.87327   0.0328995
          12     1.54683     1.84606   0.0398478
          13     1.44683     1.81535   0.0471542
          14     1.34539     1.78179   0.0544388
          15     1.24963     1.74631   0.0612887
          16     1.16597     1.71004   0.0673411
          17     1.09881     1.67408   0.0723442
          18     1.05007     1.63942   0.0761799
          19     1.01926     1.60678   0.0788533
          20     1.00408     1.57664   0.0804631
          21     1.00116     1.54924   0.0811639
          22     1.00679     1.52458   0.0811335
          23     1.01733     1.50253   0.0805477
          24     1.02958     1.48282   0.0795656
          25     1.04128     1.46516   0.0783187
          26     1.05161     1.44925   0.0769046
          27     1.06125     1.43488    0.075387
          28      1.0718     1.42192   0.0738014
          29     1.08439     1.41028   0.0721684
          30     1.09871     1.39989   0.0705061
          31     1.11317     1.39064   0.0688357
          32     1.12581     1.38237   0.0671803
          33     1.13524     1.37488   0.0655605
          34     1.14082     1.36799   0.0639927
          35      1.1424     1.36155   0.0624881
          36     1.13996     1.35539   0.0610547
          37     1.13336     1.34939   0.0596988
          38     1.12243     1.34342   0.0584257
          39     1.10745     1.33737   0.0572401
          40     1.08946     1.33117   0.0561436
          41     1.07051     1.32481    0.055133
          42      1.0533     1.31835    0.054198
          43     1.04045     1.31189   0.0533215
          44     1.03376     1.30556    0.052483
          45     1.03378     1.29952   0.0516631
          46     1.03999     1.29388   0.0508471
          47     1.05122     1.28872   0.0500267
          48     1.06609     1.28408    0.049199
          49     1.08322     1.27998   0.0483654
          50     1.10119     1.27641   0.0475301
          51     1.11839     1.27331    0.046699
          52     1.13288     1.27061    0.045879
          53      1.1427     1.26819   0.0450768
          54     1.14641     1.26594   0.0442984
          55     1.14332     1.26371    0.043549
          56     1.13364     1.26139   0.0428333
          57     1.11841     1.25888   0.0421552
          58     1.09967     1.25613   0.0415176
          59     1.08058     1.25316   0.0409204
          60     1.06525     1.25003   0.0403581
          61     1.05793     1.24688   0.0398192
          62      1.0615     1.24389    0.039289
          63     1.07558     1.24122   0.0387561
          64     1.09646     1.23895   0.0382165
          65     1.11952     1.23712   0.0376727
          66     1.14139     1.23567   0.0371298
          67     1.16004     1.23454   0.0365928
          68     1.17371     1.23364   0.0360656
          69     1.18049     1.23287   0.0355511
          70      1.1789      1.2321   0.0350516
          71     1.16862     1.23121   0.0345693
          72     1.15089     1.23009   0.0341072
          73     1.12812      1.2287   0.0336685
          74     1.10285     1.22699   0.0332565
          75     1.07695     1.22499   0.0328732
          76     1.05187     1.22272   0.0325195
          77     1.02918      1.2202   0.0321941
          78     1.01086     1.21752   0.0318931
          79    0.998663     1.21475   0.0316094
          80    0.993361     1.21198   0.0313352
          81    0.994329     1.20929   0.0310634
          82    0.999894     1.20674   0.0307893
          83     1.00814     1.20435   0.0305112
          84     1.01764     1.20212   0.0302288
          85     1.02765     1.20007   0.0299428
          86     1.03787     1.19819    0.029654
          87     1.04815     1.19646   0.0293632
          88     1.05818     1.19489   0.0290716
          89     1.06743     1.19346   0.0287802
          90     1.07517     1.19214   0.0284904
          91     1.08062     1.19092   0.0282037
          92     1.08306     1.18975   0.0279215
          93     1.08193     1.18859   0.0276453
          94     1.07703      1.1874   0.0273766
          95     1.06869     1.18615    0.027117
          96     1.05784     1.18481   0.0268674
          97     1.04594     1.18338   0.0266286
          98     1.03471     1.18186      0.0264
          99     1.02593     1.18029   0.0261803
         100     1.02093      1.1787   0.0259669
         101     1.02016     1.17713   0.0257572
         102     1.02303     1.17562    0.025549
         103     1.02837     1.17419   0.0253409
         104     1.03514     1.17285   0.0251325
         105     1.04269     1.17161   0.0249237
         106      1.0508     1.17047   0.0247146
         107     1.05963     1.16943   0.0245053
         108     1.06966     1.16851   0.0242958
         109     1.08145     1.16771   0.0240861
         110     1.09514     1.16705   0.0238761
         111     1.11015     1.16654   0.0236665
         112     1.12509     1.16617   0.0234581
         113     1.13821     1.16592   0.0232518
         114     1.14785     1.16576   0.0230484
         115     1.15285     1.16565   0.0228483
         116     1.15275     1.16554   0.0226516
         117     1.14789     1.16539   0.0224585
         118     1.13955     1.16517   0.0222692
         119     1.13002     1.16487    0.022084
         120     1.12243     1.16452   0.0219028
         121     1.11997     1.16415   0.0217249
         122     1.12415     1.16382   0.0215493
         123     1.13337     1.16358   0.0213755
         124     1.14352     1.16342   0.0212038
         125     1.15007     1.16331   0.0210344
         126     1.14986      1.1632   0.0208677
         127      1.1415     1.16303   0.0207041
         128     1.12507     1.16273   0.0205445
         129     1.10188     1.16226   0.0203906
         130     1.07468     1.16159   0.0202449
         131      1.0476     1.16072   0.0201091
         132     1.02535     1.15969   0.0199829
         133     1.01169     1.15858   0.0198636
         134     1.00801     1.15746   0.0197471
         135     1.01302     1.15639   0.0196298
         136     1.02375     1.15541   0.0195097
         137     1.03713     1.15455   0.0193863
         138     1.05086      1.1538   0.0192604
         139     1.06348     1.15315   0.0191328
         140     1.07406     1.15258   0.0190045
         141     1.08199     1.15208   0.0188763
         142     1.08703     1.15162   0.0187489
         143     1.08925     1.15119   0.0186229
         144     1.08894     1.15075   0.0184986
         145     1.08627     1.15031   0.0183763
         146     1.08124     1.14984   0.0182566
         147     1.07383     1.14932   0.0181397
         148     1.06442     1.14875   0.0180262
         149     1.05396     1.14811   0.0179164
         150     1.04376     1.14741   0.0178105
         151     1.03517     1.14667    0.017708
         152     1.02954      1.1459   0.0176083
         153      1.0281     1.14513     0.01751
         154     1.03176     1.14439   0.0174118
         155     1.04041     1.14372   0.0173124
         156     1.05254     1.14314   0.0172113
         157     1.06559     1.14265   0.0171087
         158     1.07696     1.14223   0.0170055
         159     1.08488     1.14187   0.0169024
         160     1.08876     1.14154      0.0168
         161     1.08915     1.14121   0.0166988
         162     1.08736     1.14088    0.016599
         163     1.08499     1.14054   0.0165007
         164     1.08327     1.14019   0.0164038
         165      1.0827     1.13984   0.0163081
         166     1.08304      1.1395   0.0162135
         167      1.0835     1.13916   0.0161198
         168     1.08316     1.13883   0.0160273
         169     1.08138     1.13849   0.0159361
         170     1.07812     1.13813   0.0158463
         171     1.07399     1.13776   0.0157581
         172     1.07008     1.13736   0.0156714
         173     1.06745     1.13696    0.015586
         174     1.06676     1.13656   0.0155016
         175     1.06799     1.13616    0.015418
         176     1.07055     1.13579   0.0153349
         177     1.07359     1.13544   0.0152523
         178     1.07636     1.13511   0.0151702
         179     1.07854     1.13479   0.0150888
         180     1.08033     1.13449    0.015008
         181     1.08224      1.1342   0.0149278
         182     1.08466     1.13393   0.0148483
         183     1.08758     1.13368   0.0147693
         184     1.09055     1.13344   0.0146909
         185     1.09304     1.13322   0.0146131
         186     1.09472     1.13302    0.014536
         187     1.09571     1.13282   0.0144597
         188     1.09638     1.13262    0.014384
         189     1.09715     1.13244   0.0143092
         190      1.0982     1.13225    0.014235
         191     1.09943     1.13208   0.0141615
         192     1.10055     1.13192   0.0140887
         193      1.1011     1.13176   0.0140166
         194     1.10049      1.1316   0.0139453
         195     1.09808     1.13143   0.0138748
         196     1.09334     1.13123   0.0138054
         197     1.08625       1.131   0.0137372
         198     1.07769     1.13073   0.0136705
         199     1.06952     1.13043   0.0136052
         200     1.06425      1.1301   0.0135412
         201     1.06421     1.12977   0.0134778
         202     1.07047     1.12947   0.0134143
         203     1.08239     1.12924   0.0133502
         204     1.09789     1.12909   0.0132857
         205     1.11448     1.12902    0.013221
         206     1.13013     1.12902   0.0131569
         207     1.14362     1.12909   0.0130935
         208     1.15448     1.12922   0.0130311
         209     1.16266     1.12938   0.0129697
         210     1.16831     1.12956   0.0129093
         211     1.17172     1.12976   0.0128497
         212     1.17342     1.12997   0.0127907
         213     1.17415     1.13017   0.0127323
         214     1.17462     1.13038   0.0126745
         215     1.17542     1.13059   0.0126173
         216     1.17692     1.13081   0.0125607
         217     1.17947     1.13103   0.0125048
         218     1.18322     1.13127   0.0124498
         219     1.18739     1.13153   0.0123956
         220     1.18984     1.13179   0.0123421
         221     1.18782     1.13204   0.0122888
         222     1.17947     1.13226   0.0122353
         223     1.16483      1.1324   0.0121813
         224     1.14569     1.13246   0.0121271
         225     1.12471     1.13243   0.0120732
         226      1.1045     1.13231   0.0120204
         227     1.08711     1.13211   0.0119691
         228     1.07394     1.13185   0.0119194
         229     1.06581     1.13156   0.0118708
         230     1.06289     1.13126   0.0118229
         231     1.06455     1.13098   0.0117753
         232     1.06928     1.13071   0.0117275
         233      1.0752     1.13047   0.0116796
         234     1.08093     1.13026   0.0116316
         235     1.08629     1.13007   0.0115836
         236     1.09211     1.12991   0.0115357
         237     1.09922     1.12978   0.0114877
         238     1.10723     1.12969   0.0114398
         239     1.11426     1.12962   0.0113922
         240     1.11792     1.12957   0.0113448
         241     1.11672     1.12952   0.0112979
         242     1.11088     1.12944   0.0112514
         243     1.10238     1.12933   0.0112057
         244     1.09416     1.12919   0.0111607
         245     1.08907     1.12902   0.0111163
         246     1.08897     1.12886   0.0110723
         247     1.09438     1.12872   0.0110284
         248     1.10478     1.12863   0.0109843
         249     1.11886     1.12859   0.0109403
         250     1.13498     1.12861   0.0108966
         251     1.15136      1.1287   0.0108535
         252      1.1662     1.12885   0.0108115
         253     1.17787     1.12904   0.0107705
         254     1.18499     1.12927   0.0107303
         255     1.18659     1.12949   0.0106906
         256     1.18232      1.1297   0.0106508
         257     1.17263     1.12986   0.0106107
         258     1.15895     1.12998   0.0105702
         259     1.14348     1.13003   0.0105295
         260     1.12864     1.13002    0.010489
         261     1.11648     1.12997   0.0104489
         262     1.10822     1.12989   0.0104094
         263     1.10425     1.12979   0.0103703
         264     1.10429     1.12969   0.0103314
         265     1.10756     1.12961   0.0102928
         266     1.11283     1.12955   0.0102543
         267     1.11862     1.12951    0.010216
         268     1.12354     1.12948   0.0101779
         269     1.12664     1.12947     0.01014
         270     1.12773     1.12947   0.0101025
         271     1.12746     1.12946   0.0100652
         272     1.12681     1.12945   0.0100282
         273     1.12646     1.12944  0.00999148
         274     1.12632     1.12943  0.00995502
         275     1.12582     1.12941  0.00991883
         276     1.12451      1.1294   0.0098829
         277     1.12252     1.12937  0.00984726
         278     1.12052     1.12934  0.00981189
         279     1.11944      1.1293  0.00977678
         280     1.11995     1.12927  0.00974192
         281     1.12215     1.12925  0.00970729
         282     1.12558     1.12923  0.00967287
         283     1.12951     1.12923  0.00963869
         284     1.13324     1.12925  0.00960476
         285     1.13622     1.12927  0.00957109
         286     1.13802      1.1293  0.00953768
         287     1.13822     1.12933   0.0095045
         288     1.13633     1.12936  0.00947153
         289     1.13183     1.12937  0.00943876
         290      1.1244     1.12935  0.00940622
         291     1.11414      1.1293  0.00937405
         292     1.10185      1.1292  0.00934241
         293     1.08897     1.12907  0.00931154
         294     1.07731     1.12889  0.00928153
         295     1.06845     1.12869  0.00925233
         296     1.06325     1.12846  0.00922371
         297     1.06169     1.12824  0.00919539
         298     1.06316     1.12802  0.00916713
         299     1.06687     1.12782  0.00913875
         300     1.07201     1.12763  0.00911018
         301     1.07769     1.12746  0.00908143
         302     1.08275     1.12732  0.00905256
         303     1.08554     1.12718  0.00902374
         304     1.08424     1.12704  0.00899516
         305     1.07761     1.12688  0.00896713
         306     1.06573     1.12668  0.00894005
         307     1.05041     1.12643  0.00891438
         308     1.03474     1.12613   0.0088904
         309     1.02207     1.12579  0.00886801
         310     1.01479     1.12543  0.00884663
         311     1.01379     1.12508  0.00882546
         312     1.01868     1.12473  0.00880376
         313     1.02833     1.12443  0.00878102
         314      1.0414     1.12416  0.00875704
         315     1.05657     1.12395  0.00873186
         316     1.07269     1.12379  0.00870574
         317     1.08874     1.12367  0.00867898
         318     1.10387     1.12361  0.00865191
         319     1.11742     1.12359  0.00862481
         320     1.12888     1.12361  0.00859787
         321     1.13786     1.12365   0.0085712
         322     1.14411     1.12372  0.00854482
         323      1.1475     1.12379  0.00851868
         324     1.14807     1.12387  0.00849272
         325     1.14603     1.12393  0.00846686
         326     1.14172     1.12399  0.00844106
         327     1.13549     1.12402  0.00841532
         328     1.12769     1.12404  0.00838968
         329     1.11852     1.12402  0.00836419
         330       1.108     1.12397  0.00833899
         331     1.09602     1.12389  0.00831422
         332     1.08251     1.12376  0.00829011
         333      1.0678     1.12359  0.00826692
         334     1.05283     1.12338  0.00824488
         335     1.03911     1.12313  0.00822411
         336     1.02845     1.12285  0.00820446
         337     1.02257     1.12255  0.00818551
         338     1.02271     1.12225  0.00816662
         339     1.02927     1.12198  0.00814713
         340     1.04165     1.12174  0.00812659
         341     1.05819     1.12156   0.0081049
         342     1.07666     1.12143  0.00808226
         343     1.09492     1.12135  0.00805907
         344     1.11136     1.12132  0.00803569
         345      1.1248     1.12133  0.00801241
         346     1.13419     1.12137  0.00798934
         347     1.13848     1.12142  0.00796647
         348     1.13683     1.12146   0.0079437
         349     1.12919     1.12148  0.00792097
         350      1.1168     1.12147  0.00789835
         351     1.10219     1.12141  0.00787603
         352     1.08842     1.12132  0.00785422
         353     1.07783      1.1212  0.00783293
         354     1.07143     1.12106  0.00781207
         355      1.0689     1.12091  0.00779144
         356     1.06911     1.12076  0.00777092
         357     1.07044     1.12062  0.00775043
         358     1.07116     1.12049  0.00773001
         359     1.06968     1.12034  0.00770977
         360     1.06496     1.12019  0.00768989
         361     1.05673     1.12001   0.0076706
         362     1.04574     1.11981  0.00765215
         363     1.03374     1.11957  0.00763475
         364     1.02314     1.11931  0.00761837
         365     1.01616     1.11902  0.00760273
         366       1.014     1.11874  0.00758737
         367     1.01654     1.11846  0.00757181
         368     1.02279      1.1182  0.00755569
         369     1.03146     1.11796  0.00753887
         370     1.04131     1.11776  0.00752134
         371     1.05106     1.11758  0.00750322
         372     1.05932     1.11742  0.00748468
         373     1.06465     1.11728  0.00746595
         374     1.06613     1.11714  0.00744724
         375     1.06387       1.117  0.00742874
         376     1.05918     1.11685  0.00741057
         377     1.05404     1.11668  0.00739279
         378     1.05022      1.1165  0.00737532
         379     1.04871     1.11633  0.00735803
         380     1.04991     1.11615  0.00734074
         381     1.05415     1.11599  0.00732328
         382     1.06207     1.11585  0.00730547
         383     1.07443     1.11574  0.00728719
         384     1.09144     1.11568  0.00726849
         385     1.11219     1.11567  0.00724962
         386     1.13471     1.11572  0.00723101
         387     1.15656     1.11582  0.00721309
         388     1.17542     1.11597  0.00719614
         389     1.18959     1.11616  0.00718012
         390     1.19828     1.11637   0.0071648
         391     1.20162     1.11659  0.00714979
         392     1.20062     1.11681  0.00713477
         393     1.19696     1.11701  0.00711953
         394     1.19247      1.1172  0.00710403
         395     1.18863     1.11738  0.00708835
         396     1.18612     1.11756  0.00707257
         397     1.18473     1.11773  0.00705678
         398     1.18363     1.11789  0.00704099
         399     1.18179     1.11805  0.00702517
         400     1.17849      1.1182  0.00700923
         401     1.17343     1.11834   0.0069931
         402     1.16676     1.11846  0.00697674
         403     1.15893     1.11856  0.00696015
         404     1.15064     1.11864  0.00694338
         405      1.1427      1.1187  0.00692649
         406     1.13584     1.11874  0.00690956
         407      1.1304     1.11877  0.00689264
         408      1.1262     1.11879  0.00687577
         409     1.12292      1.1188  0.00685897
         410     1.12066      1.1188  0.00684224
         411     1.12014     1.11881  0.00682559
         412      1.1222     1.11882  0.00680903
         413     1.12727     1.11884  0.00679257
         414     1.13495     1.11887  0.00677628
         415     1.14386     1.11894  0.00676022
         416     1.15189     1.11901  0.00674443
         417     1.15677      1.1191  0.00672887
         418     1.15691      1.1192  0.00671338
         419     1.15175     1.11927   0.0066978
         420     1.14172     1.11933  0.00668207
         421     1.12792     1.11935  0.00666623
         422      1.1119     1.11933  0.00665045
         423     1.09533     1.11927  0.00663497
         424     1.07987     1.11918  0.00661998
         425     1.06698     1.11906  0.00660554
         426     1.05782     1.11891   0.0065916
         427     1.05324     1.11876  0.00657795
         428     1.05375     1.11861  0.00656434
         429     1.05937     1.11847  0.00655049
         430     1.06938     1.11836  0.00653625
         431     1.08228     1.11827  0.00652162
         432     1.09604     1.11822  0.00650673
         433      1.1087      1.1182  0.00649174
         434     1.11905      1.1182  0.00647678
         435     1.12715     1.11822  0.00646192
         436     1.13413     1.11826  0.00644721
         437     1.14131     1.11831  0.00643267
         438     1.14913     1.11838  0.00641837
         439     1.15687     1.11847  0.00640435
         440     1.16322     1.11857   0.0063906
         441     1.16719     1.11868  0.00637706
         442     1.16847     1.11879  0.00636362
         443     1.16737      1.1189   0.0063502
         444     1.16464     1.11901  0.00633674
         445     1.16101      1.1191   0.0063232
         446     1.15686     1.11918  0.00630959
         447     1.15224     1.11926  0.00629591
         448     1.14714     1.11932  0.00628216
         449     1.14181     1.11937  0.00626837
         450     1.13669     1.11941  0.00625456
         451     1.13216     1.11944  0.00624075
         452     1.12825     1.11946  0.00622698
         453     1.12475     1.11947  0.00621324
         454     1.12145     1.11947  0.00619956
         455     1.11838     1.11947  0.00618593
         456     1.11582     1.11946  0.00617237
         457     1.11414     1.11945  0.00615888
         458      1.1135     1.11944  0.00614544
         459     1.11341     1.11942  0.00613207
         460     1.11273     1.11941  0.00611876
         461     1.11015     1.11939  0.00610552
         462     1.10504     1.11936  0.00609238
         463     1.09792     1.11931   0.0060794
         464     1.09028     1.11925  0.00606662
         465     1.08381     1.11917  0.00605405
         466      1.0796     1.11909  0.00604165
         467     1.07794       1.119  0.00602936
         468     1.07895     1.11892  0.00601708
         469     1.08303     1.11884  0.00600474
         470     1.09051     1.11878  0.00599227
         471     1.10086     1.11874  0.00597966
         472     1.11232     1.11873  0.00596701
         473     1.12259     1.11873   0.0059544
         474     1.12969     1.11876  0.00594188
         475     1.13242     1.11879  0.00592945
         476     1.13049     1.11881  0.00591704
         477      1.1242     1.11882  0.00590465
         478     1.11411     1.11881   0.0058923
         479     1.10078     1.11878  0.00588012
         480     1.08461      1.1187   0.0058683
         481     1.06583     1.11859  0.00585713
         482     1.04487     1.11844  0.00584697
         483     1.02287     1.11824  0.00583822
         484     1.00218       1.118  0.00583108
         485    0.986162     1.11773  0.00582539
         486    0.977751     1.11744  0.00582052
         487    0.977682     1.11716  0.00581563
         488    0.984167     1.11688   0.0058101
         489    0.994346     1.11663  0.00580362
         490     1.00611     1.11641  0.00579616
         491     1.01862     1.11621  0.00578777
         492     1.03179     1.11604  0.00577855
         493     1.04564     1.11589  0.00576859
         494     1.05975     1.11578  0.00575804
         495     1.07334     1.11569  0.00574704
         496     1.08549     1.11563  0.00573578
         497     1.09538     1.11559  0.00572438
         498      1.1024     1.11557  0.00571295
         499      1.1062     1.11555  0.00570153
         500     1.10669     1.11553  0.00569016
         501     1.10415     1.11551  0.00567884
         502     1.09929     1.11548  0.00566762
         503     1.09316     1.11543  0.00565653
         504     1.08701     1.11537  0.00564559
         505     1.08202     1.11531  0.00563479
         506     1.07911     1.11524  0.00562411
         507     1.07894     1.11517  0.00561347
         508     1.08219      1.1151   0.0056028
         509     1.08959     1.11505  0.00559202
         510     1.10146     1.11502  0.00558111
         511     1.11673     1.11503  0.00557019
         512     1.13284     1.11506  0.00555942
         513     1.14678     1.11512  0.00554893
         514     1.15635      1.1152  0.00553871
         515     1.16065     1.11529  0.00552866
         516     1.15982     1.11538  0.00551862
         517      1.1546     1.11545  0.00550847
         518     1.14601     1.11551  0.00549815
         519     1.13539     1.11555  0.00548769
         520     1.12442     1.11557  0.00547716
         521     1.11499     1.11557  0.00546665
         522     1.10884     1.11555  0.00545619
         523     1.10727     1.11554  0.00544578
         524     1.11075     1.11553   0.0054354
         525     1.11878     1.11554  0.00542505
         526     1.13006     1.11556  0.00541481
         527     1.14282     1.11562  0.00540478
         528     1.15526     1.11569  0.00539506
         529     1.16604     1.11579   0.0053857
         530     1.17438      1.1159  0.00537668
         531     1.18013     1.11602  0.00536791
         532     1.18351     1.11614  0.00535932
         533     1.18495     1.11627  0.00535082
         534     1.18492      1.1164  0.00534234
         535     1.18374     1.11653  0.00533384
         536     1.18138     1.11665  0.00532526
         537      1.1771     1.11676  0.00531653
         538     1.16955     1.11686  0.00530756
         539     1.15719     1.11693  0.00529824
         540     1.13897     1.11697  0.00528858
         541     1.11511     1.11697  0.00527881
         542     1.08781     1.11692  0.00526934
         543     1.06115     1.11681  0.00526064
         544      1.0398     1.11667  0.00525287
         545     1.02656     1.11651  0.00524584
         546       1.021     1.11633  0.00523915
         547     1.02048     1.11616   0.0052325
         548     1.02226     1.11599  0.00522575
         549     1.02477     1.11582  0.00521888
         550     1.02755     1.11566  0.00521185
         551     1.03052     1.11551  0.00520469
         552     1.03366     1.11536  0.00519737
         553     1.03689     1.11522  0.00518991
         554      1.0402     1.11508   0.0051823
         555      1.0438     1.11495  0.00517456
         556     1.04819     1.11483  0.00516664
         557     1.05401     1.11472  0.00515852
         558     1.06187     1.11463  0.00515015
         559     1.07177     1.11455   0.0051415
         560     1.08282     1.11449  0.00513264
         561     1.09329     1.11446  0.00512363
         562     1.10133     1.11443  0.00511456
         563     1.10556     1.11442   0.0051055
         564     1.10537      1.1144  0.00509647
         565     1.10082     1.11438  0.00508751
         566     1.09252     1.11434  0.00507867
         567     1.08149     1.11428  0.00507004
         568     1.06898      1.1142  0.00506174
         569     1.05634      1.1141  0.00505387
         570     1.04504     1.11398  0.00504645
         571     1.03682     1.11384  0.00503943
         572     1.03374      1.1137  0.00503256
         573     1.03755     1.11357  0.00502553
         574     1.04853     1.11346  0.00501805
         575     1.06463     1.11337  0.00501005
         576      1.0819     1.11332  0.00500165
         577      1.0961     1.11329  0.00499307
         578     1.10432     1.11327  0.00498445
         579     1.10557     1.11326  0.00497586
         580     1.10056     1.11324  0.00496733
         581     1.09116      1.1132  0.00495893
         582     1.07971     1.11314  0.00495074
         583     1.06843     1.11306  0.00494284
         584     1.05877     1.11297  0.00493525
         585      1.0512     1.11287  0.00492795
         586     1.04544     1.11275  0.00492088
         587     1.04109     1.11263  0.00491401
         588     1.03807      1.1125  0.00490729
         589     1.03682     1.11237  0.00490064
         590     1.03794     1.11225  0.00489396
         591     1.04183     1.11213  0.00488713
         592     1.04843     1.11202  0.00488005
         593      1.0571     1.11193   0.0048727
         594     1.06672     1.11185  0.00486509
         595     1.07581     1.11179   0.0048573
         596     1.08286     1.11174  0.00484939
         597     1.08684      1.1117  0.00484144
         598     1.08762     1.11166  0.00483352
         599     1.08614     1.11162  0.00482563
         600     1.08414     1.11157  0.00481781
         601     1.08361     1.11153  0.00481002
         602     1.08598     1.11148  0.00480221
         603     1.09169     1.11145  0.00479436
         604     1.10011     1.11143  0.00478646
         605     1.10978     1.11143  0.00477855
         606      1.1189     1.11144  0.00477068
         607     1.12575     1.11146  0.00476288
         608     1.12902     1.11149  0.00475513
         609       1.128     1.11152   0.0047474
         610     1.12274     1.11154  0.00473966
         611     1.11406     1.11154   0.0047319
         612     1.10351     1.11153  0.00472419
         613     1.09297      1.1115  0.00471658
         614      1.0842     1.11146  0.00470911
         615     1.07836      1.1114  0.00470176
         616     1.07574     1.11134  0.00469448
         617     1.07594     1.11129  0.00468722
         618     1.07857     1.11123  0.00467994
         619     1.08374     1.11119  0.00467259
         620     1.09188     1.11116  0.00466515
         621     1.10287     1.11114  0.00465766
         622     1.11537     1.11115  0.00465018
         623     1.12695     1.11118  0.00464278
         624     1.13496     1.11121   0.0046355
         625     1.13767     1.11126  0.00462827
         626     1.13485     1.11129  0.00462103
         627     1.12766     1.11132  0.00461374
         628     1.11784     1.11133   0.0046064
         629     1.10682     1.11132  0.00459909
         630     1.09533      1.1113  0.00459186
         631     1.08363     1.11125  0.00458479
         632     1.07188     1.11119  0.00457796
         633     1.06037     1.11111  0.00457143
         634     1.04952     1.11101  0.00456525
         635     1.04015      1.1109  0.00455942
         636     1.03375     1.11078  0.00455387
         637     1.03237     1.11066  0.00454838
         638     1.03786     1.11054  0.00454269
         639     1.05051     1.11045  0.00453655
         640     1.06832     1.11038  0.00452994
         641     1.08765     1.11035  0.00452301
         642     1.10469     1.11034  0.00451597
         643     1.11677     1.11035  0.00450896
         644     1.12276     1.11037    0.004502
         645     1.12298     1.11039  0.00449506
         646     1.11899      1.1104  0.00448812
         647     1.11313     1.11041  0.00448119
         648     1.10766      1.1104  0.00447428
         649     1.10406     1.11039  0.00446739
         650     1.10259     1.11038  0.00446054
         651     1.10251     1.11037   0.0044537
         652     1.10259     1.11036  0.00444688
         653     1.10165     1.11034  0.00444009
         654     1.09891     1.11033  0.00443334
         655     1.09429      1.1103  0.00442664
         656     1.08851     1.11027  0.00442002
         657     1.08307     1.11023  0.00441348
         658     1.07986     1.11018  0.00440702
         659     1.08071     1.11014  0.00440056
         660     1.08672      1.1101  0.00439403
         661     1.09792     1.11008  0.00438742
         662     1.11326     1.11009   0.0043808
         663     1.13092     1.11012   0.0043743
         664     1.14874     1.11018   0.0043681
         665     1.16465     1.11026   0.0043623
         666     1.17691     1.11036   0.0043569
         667     1.18432     1.11047  0.00435178
         668     1.18627     1.11058  0.00434674
         669     1.18289     1.11069  0.00434159
         670     1.17501     1.11079  0.00433617
         671     1.16416     1.11087  0.00433044
         672     1.15213     1.11093  0.00432443
         673     1.14052     1.11097  0.00431823
         674        1.13       1.111  0.00431191
         675     1.12005     1.11101  0.00430554
         676     1.10921     1.11101  0.00429918
         677     1.09586     1.11099  0.00429288
         678     1.07914     1.11094  0.00428681
         679     1.05937     1.11087  0.00428117
         680      1.0381     1.11076  0.00427621
         681     1.01767     1.11062  0.00427211
         682     1.00055     1.11046   0.0042689
         683     0.98874     1.11028  0.00426637
         684    0.983375      1.1101  0.00426416
         685    0.984568     1.10991  0.00426187
         686    0.991683     1.10974  0.00425914
         687      1.0038     1.10959  0.00425573
         688        1.02     1.10946  0.00425154
         689      1.0393     1.10935  0.00424659
         690     1.06035     1.10928  0.00424103
         691     1.08139     1.10924  0.00423508
         692     1.10049     1.10923  0.00422898
         693     1.11601     1.10924  0.00422289
         694     1.12692     1.10927  0.00421688
         695       1.133      1.1093  0.00421095
         696     1.13476     1.10934  0.00420506
         697     1.13337     1.10937  0.00419917
         698     1.13032      1.1094  0.00419326
         699     1.12691     1.10943  0.00418734
         700     1.12371     1.10945  0.00418141
         701     1.12046     1.10946  0.00417547
         702     1.11646     1.10947  0.00416953
         703     1.11102     1.10947   0.0041636
         704      1.1039     1.10947   0.0041577
         705     1.09545     1.10945  0.00415185
         706     1.08661     1.10941  0.00414609
         707     1.07887     1.10937  0.00414045
         708     1.07408     1.10932   0.0041349
         709     1.07418     1.10927  0.00412937
         710     1.08053     1.10923  0.00412375
         711     1.09308     1.10921  0.00411801
         712     1.10992     1.10921  0.00411223
         713     1.12806     1.10924  0.00410655
         714     1.14445     1.10929  0.00410109
         715     1.15689     1.10935   0.0040959
         716      1.1642     1.10943  0.00409089
         717     1.16604     1.10951  0.00408595
         718     1.16265     1.10958  0.00408093
         719     1.15454     1.10964  0.00407573
         720     1.14234     1.10969  0.00407033
         721     1.12693     1.10971  0.00406475
         722     1.10998     1.10971  0.00405912
         723     1.09421     1.10969  0.00405356
         724      1.0828     1.10966  0.00404813
         725     1.07827     1.10961  0.00404278
         726      1.0815     1.10957   0.0040374
         727     1.09159     1.10955  0.00403192
         728     1.10619     1.10954  0.00402639
         729     1.12215     1.10956   0.0040209
         730     1.13615      1.1096  0.00401556
         731     1.14545     1.10965  0.00401036
         732     1.14818      1.1097  0.00400523
         733     1.14353     1.10975  0.00400003
         734     1.13168     1.10978  0.00399469
         735     1.11373     1.10978  0.00398926
         736     1.09171     1.10976  0.00398392
         737     1.06842      1.1097  0.00397891
         738     1.04719     1.10962  0.00397442
         739     1.03143     1.10951  0.00397045
         740     1.02409     1.10939  0.00396676
         741     1.02685     1.10928  0.00396297
         742     1.03923     1.10919  0.00395875
         743     1.05841     1.10912  0.00395401
         744     1.08019     1.10908  0.00394889
         745     1.10061     1.10907  0.00394361
         746     1.11699     1.10908  0.00393833
         747     1.12816     1.10911  0.00393314
         748      1.1343     1.10914  0.00392803
         749     1.13677     1.10918  0.00392296
         750     1.13749     1.10921  0.00391791
         751     1.13796     1.10925  0.00391288
         752     1.13836     1.10929  0.00390787
         753     1.13776     1.10933  0.00390286
         754     1.13499     1.10936  0.00389783
         755     1.12934     1.10939  0.00389276
         756     1.12083      1.1094  0.00388764
         757     1.11027     1.10941  0.00388251
         758     1.09929     1.10939  0.00387741
         759     1.08985     1.10937  0.00387238
         760     1.08353     1.10933  0.00386744
         761     1.08084      1.1093  0.00386254
         762     1.08134     1.10926  0.00385764
         763     1.08439     1.10923  0.00385272
         764     1.08965      1.1092  0.00384777
         765     1.09701     1.10918  0.00384277
         766     1.10597     1.10918  0.00383776
         767     1.11521     1.10919  0.00383276
         768     1.12299     1.10921  0.00382781
         769     1.12779     1.10923  0.00382291
         770     1.12909     1.10926  0.00381803
         771     1.12762     1.10928  0.00381315
         772     1.12516      1.1093  0.00380827
         773     1.12374     1.10932  0.00380339
         774     1.12467     1.10934  0.00379853
         775     1.12786     1.10936   0.0037937
         776      1.1319     1.10939  0.00378892
         777     1.13482     1.10942  0.00378419
         778     1.13493     1.10946  0.00377947
         779     1.13131     1.10949  0.00377472
         780     1.12392      1.1095  0.00376993
         781      1.1135     1.10951   0.0037651
         782     1.10141      1.1095   0.0037603
         783      1.0895     1.10947  0.00375559
         784     1.07964     1.10944  0.00375099
         785     1.07328     1.10939  0.00374649
         786     1.07108     1.10934  0.00374204
         787     1.07294     1.10929  0.00373757
         788     1.07826     1.10925  0.00373304
         789     1.08616     1.10923  0.00372842
         790     1.09567     1.10921  0.00372374
         791     1.10568      1.1092  0.00371904
         792     1.11489     1.10921  0.00371435
         793     1.12181     1.10923   0.0037097
         794     1.12514     1.10925  0.00370508
         795     1.12419     1.10927  0.00370047
         796     1.11949     1.10928  0.00369584
         797     1.11305     1.10928  0.00369121
         798     1.10782     1.10928  0.00368658
         799     1.10624     1.10928  0.00368197
         800     1.10867     1.10928  0.00367737
         801      1.1132     1.10928  0.00367278
         802     1.11698     1.10929  0.00366821
         803     1.11781      1.1093  0.00366366
         804     1.11503     1.10931  0.00365911
         805      1.1095     1.10931  0.00365456
         806     1.10305      1.1093  0.00365004
         807     1.09759     1.10929  0.00364554
         808     1.09431     1.10927  0.00364108
         809     1.09325     1.10925  0.00363663
         810     1.09386     1.10923  0.00363219
         811     1.09595     1.10921  0.00362775
         812     1.09987      1.1092   0.0036233
         813     1.10594      1.1092  0.00361885
         814     1.11383      1.1092  0.00361441
         815     1.12246     1.10922  0.00361001
         816     1.13049     1.10925  0.00360568
         817     1.13695     1.10928  0.00360142
         818     1.14159     1.10932  0.00359724
         819     1.14464     1.10936   0.0035931
         820     1.14639     1.10941  0.00358901
         821     1.14676     1.10945  0.00358492
         822     1.14532      1.1095  0.00358083
         823     1.14153     1.10954  0.00357669
         824     1.13498     1.10957  0.00357248
         825     1.12564     1.10959   0.0035682
         826     1.11403     1.10959  0.00356389
         827     1.10123     1.10958  0.00355959
         828     1.08874     1.10956  0.00355538
         829     1.07817     1.10952  0.00355129
         830     1.07098     1.10947  0.00354732
         831     1.06824     1.10942   0.0035434
         832     1.07039     1.10938  0.00353945
         833     1.07713     1.10934  0.00353541
         834     1.08753     1.10931  0.00353127
         835     1.10018      1.1093  0.00352706
         836     1.11342      1.1093  0.00352284
         837     1.12569     1.10932  0.00351869
         838     1.13581     1.10936  0.00351463
         839     1.14319      1.1094  0.00351067
         840     1.14797     1.10944  0.00350679
         841     1.15084     1.10949  0.00350297
         842     1.15276     1.10954  0.00349919
         843     1.15455      1.1096  0.00349544
         844     1.15658     1.10965  0.00349174
         845      1.1587     1.10971  0.00348809
         846     1.16035     1.10977  0.00348449
         847     1.16094     1.10983   0.0034809
         848     1.16017     1.10989   0.0034773
         849      1.1582     1.10995  0.00347367
         850     1.15558        1.11  0.00346999
         851     1.15304     1.11005  0.00346629
         852     1.15122      1.1101  0.00346255
         853     1.15044     1.11015  0.00345882
         854     1.15057     1.11019  0.00345509
         855     1.15117     1.11024  0.00345138
         856     1.15166     1.11029  0.00344769
         857      1.1515     1.11034    0.003444
         858     1.15034     1.11038   0.0034403
         859     1.14815     1.11043  0.00343658
         860     1.14509     1.11047  0.00343282
         861     1.14142      1.1105  0.00342902
         862     1.13731     1.11054  0.00342518
         863     1.13273     1.11056  0.00342131
         864     1.12744     1.11058  0.00341741
         865     1.12095     1.11059  0.00341348
         866     1.11271      1.1106  0.00340954
         867     1.10251     1.11059  0.00340562
         868     1.09089     1.11056  0.00340177
         869     1.07911     1.11053  0.00339805
         870     1.06888     1.11048  0.00339448
         871     1.06164     1.11042  0.00339104
         872     1.05803     1.11036  0.00338769
         873     1.05785      1.1103  0.00338434
         874     1.06046     1.11025  0.00338095
         875     1.06523     1.11019  0.00337748
         876     1.07176     1.11015  0.00337391
         877     1.07987     1.11012  0.00337024
         878     1.08938     1.11009  0.00336648
         879     1.09974     1.11008  0.00336267
         880     1.10983     1.11008  0.00335885
         881     1.11804     1.11009  0.00335505
         882     1.12276      1.1101  0.00335128
         883     1.12314     1.11012  0.00334751
         884      1.1198     1.11013  0.00334374
         885      1.1148     1.11013  0.00333997
         886     1.11061     1.11014   0.0033362
         887     1.10859     1.11013  0.00333244
         888     1.10854     1.11013  0.00332869
         889     1.10922     1.11013  0.00332494
         890     1.10944     1.11013  0.00332121
         891     1.10868     1.11013  0.00331748
         892     1.10736     1.11013  0.00331376
         893     1.10667     1.11012  0.00331005
         894     1.10803     1.11012  0.00330635
         895     1.11251     1.11012  0.00330266
         896      1.1203     1.11013  0.00329899
         897     1.13076     1.11016   0.0032954
         898     1.14263     1.11019  0.00329192
         899     1.15431     1.11024  0.00328863
         900     1.16425      1.1103  0.00328552
         901     1.17116     1.11037  0.00328257
         902     1.17418     1.11044  0.00327969
         903     1.17307     1.11051  0.00327679
         904     1.16827     1.11057  0.00327379
         905     1.16091     1.11063  0.00327065
         906     1.15258     1.11067  0.00326736
         907     1.14494     1.11071  0.00326398
         908     1.13934     1.11074  0.00326054
         909     1.13643     1.11077  0.00325707
         910     1.13611      1.1108  0.00325361
         911     1.13775     1.11083  0.00325018
         912     1.14063     1.11086  0.00324678
         913     1.14418      1.1109  0.00324343
         914     1.14799     1.11094  0.00324013
         915     1.15161     1.11098  0.00323689
         916     1.15452     1.11103  0.00323371
         917     1.15626     1.11108  0.00323056
         918     1.15658     1.11113  0.00322742
         919     1.15563     1.11118  0.00322427
         920     1.15395     1.11123   0.0032211
         921     1.15252     1.11127  0.00321792
         922     1.15248     1.11131  0.00321474
         923     1.15468     1.11136   0.0032116
         924     1.15928     1.11141  0.00320854
         925     1.16589     1.11147  0.00320561
         926     1.17406     1.11154  0.00320286
         927     1.18346     1.11162  0.00320035
         928     1.19371     1.11171  0.00319812
         929       1.204     1.11181  0.00319622
         930     1.21305     1.11191  0.00319464
         931     1.21952     1.11203   0.0031933
         932      1.2224     1.11215  0.00319207
         933     1.22117     1.11227  0.00319078
         934     1.21578     1.11238  0.00318929
         935     1.20656     1.11248  0.00318747
         936     1.19409     1.11256  0.00318526
         937     1.17901     1.11263  0.00318265
         938     1.16191     1.11269  0.00317969
         939     1.14317     1.11272  0.00317647
         940     1.12296     1.11273  0.00317311
         941     1.10138     1.11272  0.00316976
         942     1.07885     1.11268   0.0031666
         943     1.05638     1.11262   0.0031638
         944     1.03565     1.11254   0.0031615
         945     1.01884     1.11244  0.00315971
         946     1.00801     1.11233   0.0031583
         947     1.00427     1.11222  0.00315702
         948     1.00723     1.11211  0.00315563
         949     1.01528     1.11201  0.00315396
         950     1.02663     1.11192  0.00315192
         951     1.04043     1.11184   0.0031495
         952     1.05667     1.11178  0.00314672
         953     1.07517     1.11174  0.00314366
         954     1.09456     1.11173  0.00314041
         955     1.11251     1.11173  0.00313712
         956     1.12665     1.11174  0.00313388
         957     1.13536     1.11177   0.0031307
         958     1.13801     1.11179  0.00312756
         959     1.13495     1.11182  0.00312439
         960     1.12725     1.11183  0.00312118
         961      1.1164     1.11184  0.00311793
         962     1.10391     1.11183   0.0031147
         963     1.09116     1.11181  0.00311154
         964      1.0795     1.11178  0.00310849
         965     1.07055     1.11173  0.00310557
         966     1.06592     1.11169  0.00310271
         967     1.06647     1.11164  0.00309986
         968     1.07167      1.1116  0.00309693
         969     1.07976     1.11156  0.00309391
         970     1.08859     1.11154  0.00309081
         971     1.09652     1.11153  0.00308766
         972     1.10295     1.11152   0.0030845
         973     1.10836     1.11151  0.00308133
         974     1.11391     1.11152  0.00307817
         975     1.12066     1.11153  0.00307503
         976      1.1289     1.11154  0.00307193
         977     1.13769     1.11157   0.0030689
         978       1.145      1.1116  0.00306595
         979     1.14854     1.11164  0.00306305
         980     1.14673     1.11168  0.00306014
         981     1.13944     1.11171  0.00305715
         982     1.12806     1.11172  0.00305408
         983     1.11474     1.11173  0.00305097
         984     1.10151     1.11172  0.00304789
         985     1.08979     1.11169  0.00304488
         986     1.08031     1.11166  0.00304196
         987     1.07344     1.11162  0.00303912
         988      1.0694     1.11158  0.00303635
         989     1.06845     1.11154  0.00303359
         990     1.07073     1.11149   0.0030308
         991     1.07614     1.11146  0.00302796
         992     1.08424     1.11143  0.00302503
         993     1.09422     1.11141  0.00302203
         994       1.105     1.11141    0.003019
         995     1.11554     1.11141  0.00301597
         996     1.12511     1.11143  0.00301297
         997     1.13348     1.11145  0.00301003
         998     1.14072     1.11148  0.00300716
         999       1.147     1.11151  0.00300436
        1000     1.15228     1.11155  0.00300163
        1001     1.15625      1.1116  0.00299896
        1002     1.15847     1.11165  0.00299633
        1003     1.15849     1.11169  0.00299371
        1004     1.15615     1.11174  0.00299106
        1005     1.15163     1.11178  0.00298834
        1006     1.14551     1.11181  0.00298556
        1007     1.13856     1.11184  0.00298271
        1008     1.13169     1.11186  0.00297982
        1009     1.12576     1.11187   0.0029769
        1010     1.12161     1.11188  0.00297397
        1011     1.11997     1.11189  0.00297104
        1012     1.12129      1.1119  0.00296811
        1013     1.12558     1.11191  0.00296522
        1014     1.13212     1.11193  0.00296236
        1015     1.13961     1.11196  0.00295957
        1016     1.14644     1.11199  0.00295685
        1017     1.15124     1.11203  0.00295419
        1018     1.15332     1.11207  0.00295157
        1019     1.15299     1.11211  0.00294894
        1020     1.15149     1.11215  0.00294631
        1021      1.1506     1.11219  0.00294366
        1022     1.15182     1.11223  0.00294104
        1023     1.15552     1.11227  0.00293847
        1024     1.16065     1.11231  0.00293598
        1025     1.16519     1.11237  0.00293356
        1026     1.16714     1.11242  0.00293119
        1027     1.16513     1.11247  0.00292879
        1028     1.15867     1.11252  0.00292628
        1029     1.14818     1.11255  0.00292364
        1030     1.13482     1.11257  0.00292089
        1031     1.12024     1.11258  0.00291806
        1032     1.10621     1.11257  0.00291524
        1033     1.09396     1.11256  0.00291247
        1034     1.08385     1.11253  0.00290979
        1035     1.07538     1.11249   0.0029072
        1036     1.06763     1.11245  0.00290472
        1037     1.05994      1.1124  0.00290236
        1038     1.05238     1.11234  0.00290014
        1039     1.04566     1.11228  0.00289805
        1040     1.04078     1.11221  0.00289608
        1041     1.03857     1.11214  0.00289417
        1042     1.03942     1.11207  0.00289223
        1043     1.04327       1.112  0.00289021
        1044     1.04975     1.11194  0.00288805
        1045     1.05823     1.11189  0.00288575
        1046     1.06795     1.11185   0.0028833
        1047      1.0782     1.11182  0.00288072
        1048     1.08842     1.11179  0.00287806
        1049     1.09813     1.11178  0.00287534
        1050     1.10678     1.11178  0.00287261
        1051     1.11369     1.11178  0.00286988
        1052     1.11847     1.11178  0.00286716
        1053     1.12151     1.11179  0.00286445
        1054     1.12424      1.1118  0.00286175
        1055     1.12813     1.11182  0.00285908
        1056     1.13341     1.11184  0.00285645
        1057     1.13891     1.11187  0.00285386
        1058      1.1429      1.1119  0.00285131
        1059      1.1442     1.11193  0.00284879
        1060     1.14258     1.11196  0.00284624
        1061      1.1386     1.11198  0.00284367
        1062     1.13339       1.112  0.00284107
        1063     1.12836     1.11202  0.00283844
        1064     1.12491     1.11203  0.00283579
        1065     1.12415     1.11204  0.00283315
        1066     1.12672     1.11205  0.00283053
        1067     1.13268     1.11207  0.00282794
        1068     1.14143      1.1121  0.00282543
        1069     1.15166     1.11214  0.00282303
        1070     1.16136     1.11218  0.00282076
        1071     1.16814     1.11224  0.00281861
        1072      1.1698     1.11229   0.0028165
        1073     1.16493     1.11234   0.0028143
        1074      1.1532     1.11238  0.00281194
        1075     1.13576      1.1124   0.0028094
        1076      1.1155      1.1124  0.00280679
        1077     1.09709     1.11239  0.00280422
        1078     1.08575     1.11236  0.00280173
        1079       1.085     1.11234  0.00279925
        1080     1.09493     1.11232   0.0027967
        1081      1.1127     1.11232  0.00279412
        1082     1.13426     1.11234  0.00279161
        1083     1.15549     1.11238  0.00278932
        1084     1.17259     1.11244   0.0027873
        1085     1.18251      1.1125  0.00278547
        1086     1.18339     1.11257  0.00278367
        1087     1.17485     1.11262   0.0027817
        1088     1.15815     1.11267  0.00277946
        1089       1.136     1.11269  0.00277699
        1090     1.11208     1.11269  0.00277444
        1091     1.09039     1.11267  0.00277198
        1092     1.07461     1.11263  0.00276966
        1093     1.06742     1.11259  0.00276743
        1094     1.06986     1.11255  0.00276518
        1095     1.08099     1.11252   0.0027628
        1096     1.09824     1.11251  0.00276031
        1097     1.11814     1.11251   0.0027578
        1098     1.13732     1.11254  0.00275538
        1099     1.15305     1.11257  0.00275312
        1100     1.16338     1.11262  0.00275101
        1101     1.16709     1.11267  0.00274895
        1102     1.16386     1.11272  0.00274685
        1103     1.15432     1.11275  0.00274462
        1104     1.14017     1.11278  0.00274224
        1105     1.12371     1.11279  0.00273978
        1106     1.10725     1.11278  0.00273731
        1107     1.09251     1.11276   0.0027349
        1108     1.08045     1.11274  0.00273258
        1109     1.07148      1.1127  0.00273037
        1110     1.06567     1.11266  0.00272824
        1111     1.06265     1.11261  0.00272616
        1112      1.0616     1.11256  0.00272409
        1113     1.06159     1.11252  0.00272203
        1114     1.06219     1.11247  0.00271996
        1115     1.06395     1.11243  0.00271787
        1116     1.06814     1.11239  0.00271572
        1117      1.0758     1.11236  0.00271349
        1118     1.08663     1.11233  0.00271116
        1119     1.09873     1.11232  0.00270877
        1120     1.10949     1.11232  0.00270635
        1121     1.11676     1.11232  0.00270394
        1122     1.11965     1.11233  0.00270153
        1123     1.11878     1.11234  0.00269914
        1124     1.11602     1.11234  0.00269674
        1125     1.11391     1.11234  0.00269434
        1126     1.11476     1.11234  0.00269195
        1127     1.11956     1.11235  0.00268957
        1128      1.1274     1.11236  0.00268721
        1129     1.13582     1.11238  0.00268491
        1130     1.14194     1.11241  0.00268267
        1131     1.14338     1.11244  0.00268043
        1132     1.13891     1.11246  0.00267817
        1133     1.12856     1.11247  0.00267584
        1134     1.11378     1.11248  0.00267348
        1135     1.09746     1.11246  0.00267116
        1136     1.08341     1.11244  0.00266893
        1137      1.0748      1.1124  0.00266679
        1138     1.07228     1.11237  0.00266468
        1139     1.07383     1.11233  0.00266255
        1140      1.0766      1.1123   0.0026604
        1141     1.07875     1.11227  0.00265823
        1142     1.07998     1.11225  0.00265606
        1143     1.08089     1.11222  0.00265387
        1144     1.08241     1.11219  0.00265168
        1145     1.08535     1.11217  0.00264947
        1146     1.09016     1.11215  0.00264723
        1147     1.09676     1.11214  0.00264495
        1148      1.1045     1.11213  0.00264266
        1149     1.11235     1.11213  0.00264036
        1150     1.11922     1.11214  0.00263807
        1151     1.12419     1.11215   0.0026358
        1152     1.12671     1.11216  0.00263354
        1153     1.12664     1.11217  0.00263129
        1154     1.12416     1.11218  0.00262903
        1155      1.1196     1.11219  0.00262676
        1156     1.11332     1.11219  0.00262449
        1157     1.10569     1.11218  0.00262222
        1158     1.09725     1.11217  0.00261999
        1159     1.08888     1.11215  0.00261781
        1160     1.08176     1.11212  0.00261568
        1161     1.07721     1.11209   0.0026136
        1162     1.07628     1.11206  0.00261153
        1163      1.0794     1.11204  0.00260944
        1164     1.08592     1.11201   0.0026073
        1165     1.09433       1.112   0.0026051
        1166     1.10275     1.11199  0.00260288
        1167     1.10958     1.11199  0.00260065
        1168     1.11391     1.11199  0.00259842
        1169     1.11557     1.11199   0.0025962
        1170     1.11482       1.112  0.00259398
        1171     1.11214       1.112  0.00259177
        1172     1.10811     1.11199  0.00258956
        1173     1.10345     1.11198  0.00258736
        1174     1.09909     1.11197  0.00258518
        1175     1.09597     1.11196  0.00258302
        1176     1.09472     1.11195  0.00258086
        1177      1.0955     1.11193  0.00257871
        1178     1.09812     1.11192  0.00257655
        1179     1.10239     1.11191  0.00257437
        1180     1.10817     1.11191  0.00257219
        1181     1.11526     1.11191  0.00257002
        1182     1.12318     1.11192  0.00256786
        1183     1.13097     1.11194  0.00256574
        1184     1.13731     1.11196  0.00256366
        1185     1.14066     1.11198  0.00256161
        1186     1.13966     1.11201  0.00255956
        1187     1.13372     1.11202  0.00255747
        1188     1.12354     1.11203  0.00255533
        1189     1.11136     1.11203  0.00255319
        1190     1.10023     1.11202  0.00255106
        1191     1.09263     1.11201  0.00254897
        1192      1.0892     1.11199   0.0025469
        1193     1.08884     1.11197  0.00254484
        1194     1.08989     1.11195  0.00254278
        1195     1.09114     1.11193  0.00254071
        1196     1.09221     1.11192  0.00253864
        1197     1.09323      1.1119  0.00253657
        1198     1.09449     1.11189  0.00253449
        1199     1.09601     1.11187  0.00253241
        1200     1.09746     1.11186  0.00253033
        1201      1.0981     1.11185  0.00252825
        1202     1.09704     1.11184  0.00252617
        1203     1.09342     1.11182  0.00252412
        1204     1.08681      1.1118  0.00252211
        1205     1.07735     1.11177  0.00252018
        1206     1.06585     1.11173  0.00251838
        1207     1.05369     1.11169  0.00251675
        1208     1.04273     1.11163  0.00251531
        1209     1.03485     1.11157  0.00251403
        1210     1.03143      1.1115  0.00251283
        1211     1.03274     1.11143   0.0025116
        1212     1.03787     1.11137  0.00251026
        1213     1.04533     1.11132  0.00250878
        1214     1.05375     1.11127  0.00250716
        1215     1.06203     1.11123  0.00250542
        1216     1.06936      1.1112   0.0025036
        1217     1.07526     1.11117  0.00250172
        1218     1.07965     1.11114   0.0024998
        1219     1.08284     1.11112  0.00249785
        1220     1.08527      1.1111   0.0024959
        1221      1.0874     1.11108  0.00249393
        1222     1.08958     1.11106  0.00249195
        1223      1.0921     1.11104  0.00248996
        1224     1.09517     1.11103  0.00248796
        1225     1.09887     1.11102  0.00248595
        1226     1.10321     1.11102  0.00248393
        1227     1.10804     1.11101   0.0024819
        1228     1.11298     1.11101  0.00247988
        1229     1.11747     1.11102  0.00247787
        1230     1.12089     1.11103  0.00247587
        1231      1.1229     1.11104  0.00247388
        1232     1.12356     1.11105  0.00247189
        1233     1.12317     1.11106   0.0024699
        1234     1.12209     1.11107  0.00246792
        1235     1.12065     1.11107  0.00246593
        1236     1.11916     1.11108  0.00246395
        1237     1.11782     1.11109  0.00246196
        1238     1.11654     1.11109  0.00245998
        1239     1.11462     1.11109  0.00245799
        1240     1.11089     1.11109  0.00245601
        1241     1.10408     1.11109  0.00245404
        1242     1.09325     1.11107   0.0024521
        1243     1.07834     1.11105  0.00245027
        1244      1.0605     1.11101  0.00244864
        1245     1.04213     1.11095   0.0024473
        1246     1.02646     1.11088  0.00244627
        1247     1.01653     1.11081  0.00244548
        1248     1.01396     1.11073  0.00244475
        1249     1.01848     1.11066  0.00244391
        1250     1.02855     1.11059  0.00244284
        1251     1.04222     1.11054   0.0024415
        1252     1.05754     1.11049  0.00243991
        1253     1.07267     1.11046  0.00243815
        1254     1.08597     1.11044  0.00243629
        1255     1.09627     1.11043  0.00243437
        1256     1.10312     1.11043  0.00243244
        1257     1.10672     1.11042  0.00243051
        1258     1.10775     1.11042  0.00242858
        1259     1.10713     1.11042  0.00242665
        1260     1.10601     1.11042  0.00242473
        1261     1.10577     1.11041  0.00242281
        1262     1.10795     1.11041  0.00242089
        1263     1.11376     1.11041  0.00241897
        1264     1.12341     1.11042  0.00241708
        1265     1.13581     1.11044  0.00241525
        1266     1.14849     1.11047  0.00241353
        1267     1.15826     1.11051  0.00241192
        1268     1.16247     1.11055  0.00241037
        1269      1.1607     1.11059  0.00240879
        1270     1.15601     1.11063  0.00240716
        1271     1.15363     1.11066   0.0024055
        1272     1.15664      1.1107  0.00240388
        1273     1.16335     1.11074  0.00240235
        1274     1.16959     1.11078  0.00240091
        1275     1.17236     1.11083  0.00239951
        1276     1.17086     1.11088  0.00239809
        1277     1.16568     1.11092   0.0023966
        1278     1.15802     1.11096  0.00239501
        1279     1.14948     1.11099  0.00239332
        1280     1.14202     1.11101  0.00239158
        1281     1.13752     1.11103   0.0023898
        1282     1.13699     1.11105  0.00238802
        1283     1.13996     1.11108  0.00238627
        1284     1.14465      1.1111  0.00238455
        1285     1.14892     1.11113  0.00238288
        1286     1.15125     1.11116  0.00238123
        1287      1.1512     1.11119  0.00237958
        1288     1.14936     1.11122  0.00237792
        1289     1.14689     1.11125  0.00237623
        1290     1.14479     1.11128  0.00237453
        1291     1.14326      1.1113  0.00237282
        1292     1.14134     1.11133   0.0023711
        1293     1.13751     1.11135  0.00236935
        1294     1.13084     1.11136  0.00236757
        1295     1.12188     1.11137  0.00236576
        1296     1.11268     1.11137  0.00236393
        1297     1.10588     1.11137  0.00236211
        1298      1.1032     1.11136   0.0023603
        1299     1.10457     1.11135  0.00235849
        1300     1.10843     1.11135  0.00235668
        1301     1.11276     1.11135  0.00235487
        1302     1.11585     1.11136  0.00235306
        1303     1.11665     1.11136  0.00235126
        1304      1.1147     1.11136  0.00234946
        1305     1.11001     1.11136  0.00234766
        1306     1.10306     1.11136  0.00234587
        1307     1.09491     1.11134  0.00234411
        1308     1.08735     1.11133  0.00234238
        1309     1.08271      1.1113   0.0023407
        1310     1.08325     1.11128  0.00233901
        1311     1.09041     1.11127  0.00233728
        1312     1.10418     1.11126   0.0023355
        1313     1.12301     1.11127  0.00233374
        1314     1.14423      1.1113   0.0023321
        1315     1.16481     1.11134  0.00233068
        1316     1.18207     1.11139  0.00232953
        1317     1.19417     1.11145  0.00232861
        1318     1.20028     1.11152  0.00232782
        1319     1.20033     1.11159  0.00232703
        1320     1.19446     1.11165  0.00232611
        1321     1.18286      1.1117  0.00232497
        1322     1.16576     1.11174  0.00232358
        1323     1.14393     1.11177  0.00232195
        1324      1.1192     1.11177   0.0023202
        1325     1.09462     1.11176  0.00231848
        1326     1.07411     1.11173  0.00231691
        1327      1.0613      1.1117  0.00231548
        1328     1.05799     1.11165  0.00231409
        1329     1.06333     1.11162  0.00231263
        1330      1.0743     1.11159  0.00231106
        1331     1.08727     1.11157   0.0023094
        1332     1.09934     1.11156  0.00230768
        1333     1.10876     1.11156  0.00230595
        1334     1.11468     1.11156  0.00230422
        1335     1.11654     1.11157   0.0023025
        1336     1.11365     1.11157  0.00230078
        1337     1.10526     1.11156  0.00229906
        1338     1.09105     1.11155  0.00229739
        1339     1.07184     1.11152  0.00229587
        1340     1.04992     1.11147  0.00229462
        1341     1.02888     1.11141  0.00229373
        1342     1.01298     1.11134   0.0022932
        1343     1.00614     1.11126  0.00229283
        1344     1.01064     1.11118  0.00229234
        1345     1.02593     1.11112  0.00229151
        1346     1.04839     1.11107  0.00229028
        1347     1.07271     1.11105  0.00228876
        1348     1.09404     1.11103   0.0022871
        1349     1.10941     1.11103   0.0022854
        1350      1.1179     1.11104  0.00228372
        1351     1.12019     1.11104  0.00228204
        1352      1.1176     1.11105  0.00228035
        1353     1.11134     1.11105  0.00227867
        1354     1.10232     1.11104  0.00227699
        1355      1.0915     1.11103  0.00227536
        1356     1.08022     1.11101  0.00227379
        1357     1.07005     1.11098  0.00227232
        1358     1.06222     1.11094  0.00227093
        1359     1.05709      1.1109   0.0022696
        1360      1.0541     1.11086  0.00226832
        1361     1.05235     1.11082  0.00226706
        1362     1.05146     1.11077  0.00226581
        1363     1.05216     1.11073  0.00226456
        1364     1.05615     1.11069  0.00226325
        1365     1.06543     1.11066  0.00226184
        1366     1.08126     1.11063  0.00226029
        1367      1.1032     1.11063  0.00225864
        1368     1.12906     1.11064  0.00225703
        1369     1.15553     1.11067  0.00225562
        1370     1.17937     1.11072  0.00225453
        1371     1.19817     1.11079  0.00225379
        1372     1.21058     1.11086  0.00225332
        1373     1.21607     1.11094  0.00225298
        1374     1.21483     1.11101  0.00225261
        1375      1.2077     1.11108  0.00225206
        1376      1.1961     1.11115  0.00225128
        1377     1.18185      1.1112  0.00225023
        1378     1.16663     1.11124  0.00224895
        1379     1.15168     1.11127  0.00224751
        1380     1.13773     1.11129  0.00224597
        1381     1.12527      1.1113  0.00224436
        1382     1.11475      1.1113  0.00224274
        1383     1.10662      1.1113  0.00224112
        1384     1.10132     1.11129  0.00223951
        1385     1.09921     1.11128  0.00223791
        1386     1.10057     1.11127  0.00223631
        1387     1.10542     1.11127   0.0022347
        1388     1.11336     1.11127  0.00223309
        1389     1.12344     1.11128   0.0022315
        1390     1.13415     1.11129  0.00222996
        1391     1.14364     1.11132  0.00222848
        1392     1.15023     1.11135  0.00222705
        1393     1.15274     1.11137  0.00222565
        1394     1.15085      1.1114  0.00222423
        1395     1.14514     1.11143  0.00222277
        1396     1.13693     1.11145  0.00222125
        1397     1.12784     1.11146  0.00221969
        1398     1.11924     1.11146  0.00221811
        1399     1.11191     1.11146  0.00221653
        1400     1.10623     1.11146  0.00221495
        1401     1.10278     1.11145  0.00221338
        1402     1.10249     1.11145  0.00221181
        1403     1.10639     1.11144  0.00221023
        1404     1.11502     1.11145  0.00220866
        1405     1.12792     1.11146  0.00220712
        1406     1.14363     1.11148  0.00220567
        1407     1.16003     1.11151  0.00220437
        1408     1.17479     1.11156  0.00220326
        1409     1.18583     1.11161  0.00220233
        1410     1.19161     1.11167   0.0022015
        1411     1.19137     1.11173  0.00220066
        1412     1.18518     1.11178  0.00219972
        1413     1.17399     1.11182   0.0021986
        1414     1.15947     1.11186  0.00219731
        1415     1.14368     1.11188  0.00219587
        1416      1.1286     1.11189  0.00219435
        1417     1.11553     1.11189   0.0021928
        1418      1.1048     1.11189  0.00219126
        1419     1.09579     1.11188  0.00218975
        1420     1.08738     1.11186  0.00218827
        1421     1.07859     1.11184  0.00218686
        1422     1.06923     1.11181  0.00218553
        1423     1.06033     1.11177  0.00218429
        1424     1.05393     1.11173  0.00218313
        1425      1.0524     1.11169    0.002182
        1426     1.05726     1.11165   0.0021808
        1427     1.06828     1.11162  0.00217948
        1428     1.08341      1.1116  0.00217805
        1429     1.09949     1.11159  0.00217654
        1430     1.11359     1.11159  0.00217502
        1431     1.12413      1.1116  0.00217352
        1432     1.13106     1.11161  0.00217204
        1433      1.1354     1.11163  0.00217059
        1434     1.13822     1.11165  0.00216915
        1435        1.14     1.11167  0.00216773
        1436     1.14059     1.11169  0.00216632
        1437     1.13965     1.11171   0.0021649
        1438     1.13693     1.11173  0.00216346
        1439     1.13219     1.11174  0.00216201
        1440     1.12511     1.11175  0.00216052
        1441     1.11542     1.11175  0.00215903
        1442     1.10317     1.11175  0.00215754
        1443     1.08898     1.11173   0.0021561
        1444      1.0739      1.1117  0.00215477
        1445     1.05894     1.11167  0.00215358
        1446     1.04463     1.11162  0.00215259
        1447     1.03089     1.11157  0.00215183
        1448      1.0175      1.1115  0.00215132
        1449     1.00489     1.11143   0.0021511
        1450    0.994551     1.11135  0.00215112
        1451    0.988756     1.11126   0.0021513
        1452    0.989783     1.11118  0.00215144
        1453    0.998877      1.1111  0.00215135
        1454      1.0155     1.11104  0.00215087
        1455     1.03729     1.11098  0.00214999
        1456     1.06068     1.11095  0.00214879
        1457     1.08189     1.11093  0.00214741
        1458     1.09788     1.11092  0.00214596
        1459     1.10682     1.11092  0.00214449
        1460     1.10832     1.11092  0.00214302
        1461      1.1032     1.11091  0.00214156
        1462     1.09298      1.1109  0.00214013
        1463     1.07948     1.11088  0.00213878
        1464     1.06452     1.11085  0.00213755
        1465     1.05003      1.1108  0.00213649
        1466     1.03795     1.11075  0.00213561
        1467     1.02993      1.1107  0.00213487
        1468     1.02682     1.11064  0.00213418
        1469      1.0283     1.11059  0.00213346
        1470     1.03317     1.11053  0.00213266
        1471     1.03986     1.11049  0.00213175
        1472     1.04697     1.11044  0.00213074
        1473     1.05338      1.1104  0.00212965
        1474     1.05851     1.11037  0.00212849
        1475     1.06251     1.11034   0.0021273
        1476     1.06622     1.11031  0.00212606
        1477     1.07043     1.11028   0.0021248
        1478     1.07513     1.11026  0.00212349
        1479     1.07929     1.11023  0.00212216
        1480     1.08151     1.11021  0.00212081
        1481     1.08098      1.1102  0.00211947
        1482     1.07793     1.11017  0.00211816
        1483     1.07356     1.11015  0.00211687
        1484      1.0695     1.11012  0.00211562
        1485     1.06729     1.11009  0.00211439
        1486     1.06794     1.11006  0.00211316
        1487     1.07176     1.11004   0.0021119
        1488     1.07828     1.11002  0.00211059
        1489     1.08646        1.11  0.00210923
        1490     1.09507     1.10999  0.00210784
        1491     1.10304     1.10999  0.00210643
        1492     1.10959     1.10999  0.00210502
        1493     1.11424     1.10999  0.00210361
        1494      1.1167     1.10999   0.0021022
        1495     1.11671        1.11   0.0021008
        1496     1.11383        1.11   0.0020994
        1497     1.10757        1.11    0.002098
        1498     1.09763     1.10999  0.00209661
        1499     1.08418     1.10997  0.00209529
        1500     1.06795     1.10995  0.00209408
