           1     -6.3637     -6.3637           0
           2     -6.3579     -6.3608  0.00204773
           3     -6.3461     -6.3559  0.00422773
           4    -6.32669     -6.3486  0.00707399
           5    -6.29692    -6.33826   0.0108384
           6    -6.25598    -6.32455   0.0154367
           7    -6.20179    -6.30701   0.0209447
           8     -6.1339    -6.28537   0.0273054
           9     -6.0484    -6.25904   0.0347184
          10    -5.94403    -6.22754   0.0432373
          11    -5.82107    -6.19059   0.0527859
          12    -5.68149    -6.14816   0.0631761
          13    -5.53087    -6.10068   0.0740412
          14    -5.37941    -6.04916   0.0848033
          15    -5.23724    -5.99503   0.0948639
          16    -5.11396    -5.93997    0.103693
          17     -5.0157     -5.8856    0.110935
          18    -4.94653    -5.83343    0.116395
          19    -4.90417    -5.78452    0.120105
          20    -4.88431    -5.73951    0.122243
          21    -4.88279    -5.69871    0.123042
          22    -4.89274    -5.66208    0.122782
          23    -4.90929    -5.62935    0.121728
          24     -4.9279    -5.60012    0.120113
          25      -4.945    -5.57392    0.118133
          26    -4.95988     -5.5503    0.115926
          27    -4.97511    -5.52899    0.113573
          28    -4.99186    -5.50981    0.111125
          29    -5.01059     -5.4926    0.108618
          30    -5.03225    -5.47725    0.106076
          31    -5.05459    -5.46362    0.103527
          32    -5.07247    -5.45139     0.10101
          33     -5.0853     -5.4403   0.0985568
          34    -5.09376    -5.43011   0.0961837
          35    -5.09599    -5.42056   0.0939081
          36     -5.0919    -5.41143   0.0917423
          37    -5.08136    -5.40251   0.0896954
          38    -5.06373     -5.3936    0.087777
          39    -5.03941    -5.38451   0.0859948
          40     -5.0116    -5.37519   0.0843488
          41    -4.98163    -5.36559   0.0828359
          42    -4.95508    -5.35582   0.0814382
          43    -4.93832    -5.34611    0.080121
          44    -4.93113    -5.33668   0.0788532
          45    -4.93364    -5.32772   0.0776079
          46    -4.94331    -5.31936   0.0763693
          47    -4.96099    -5.31174   0.0751241
          48    -4.98311    -5.30489   0.0738704
          49    -5.00931    -5.29886   0.0726087
          50    -5.03751    -5.29363   0.0713444
          51    -5.06287    -5.28911   0.0700889
          52    -5.08434    -5.28517   0.0688515
          53     -5.0983    -5.28165   0.0676427
          54    -5.10282    -5.27833    0.066471
          55    -5.09656    -5.27503   0.0653446
          56    -5.08089    -5.27156   0.0642696
          57    -5.05763    -5.26781   0.0632516
          58    -5.02858    -5.26368   0.0622954
          59    -4.99987    -5.25921   0.0613998
          60    -4.97799    -5.25453   0.0605551
          61    -4.96759    -5.24982   0.0597448
          62    -4.97416    -5.24538   0.0589464
          63    -4.99679    -5.24143   0.0581426
          64    -5.02874    -5.23811    0.057329
          65     -5.0638    -5.23543   0.0565097
          66    -5.09619    -5.23332   0.0556929
          67    -5.12315    -5.23167   0.0548859
          68    -5.14309    -5.23037   0.0540942
          69    -5.15258    -5.22924    0.053322
          70    -5.14817    -5.22808   0.0525728
          71    -5.13103    -5.22672   0.0518501
          72    -5.10282      -5.225   0.0511585
          73    -5.06837    -5.22285   0.0505027
          74    -5.02967    -5.22024   0.0498877
          75    -4.99025    -5.21717   0.0493167
          76    -4.95266    -5.21369   0.0487904
          77     -4.9194    -5.20987   0.0483062
          78    -4.89282    -5.20581   0.0478576
          79    -4.87508    -5.20162   0.0474346
          80    -4.86799    -5.19745   0.0470246
          81     -4.8706    -5.19341   0.0466169
          82    -4.87959    -5.18959   0.0462052
          83    -4.89118    -5.18599   0.0457882
          84    -4.90547    -5.18265   0.0453647
          85    -4.92037    -5.17957   0.0449358
          86    -4.93527    -5.17673    0.044503
          87    -4.95011    -5.17412   0.0440677
          88    -4.96477    -5.17174   0.0436311
          89    -4.97812    -5.16957    0.043195
          90    -4.98922    -5.16756   0.0427615
          91    -4.99702    -5.16569   0.0423327
          92     -5.0002    -5.16389   0.0419107
          93    -4.99798    -5.16211    0.041498
          94    -4.98885    -5.16026   0.0410975
          95    -4.97581    -5.15832   0.0407107
          96    -4.95951    -5.15625   0.0403393
          97    -4.94225    -5.15404   0.0399837
          98    -4.92591    -5.15172   0.0396434
          99    -4.91344    -5.14931    0.039316
         100    -4.90747    -5.14689   0.0389971
         101    -4.90844    -5.14453   0.0386824
         102    -4.91352    -5.14226   0.0383694
         103    -4.92117    -5.14012   0.0380569
         104    -4.93228    -5.13812   0.0377434
         105    -4.94374    -5.13627   0.0374293
         106    -4.95528    -5.13456   0.0371151
         107    -4.96884    -5.13301   0.0368005
         108    -4.98453    -5.13164   0.0364855
         109    -5.00209    -5.13045   0.0361701
         110    -5.02251    -5.12947   0.0358546
         111    -5.04462     -5.1287   0.0355397
         112    -5.06599    -5.12814   0.0352268
         113    -5.08472    -5.12776   0.0349172
         114    -5.09851     -5.1275   0.0346118
         115    -5.10495    -5.12731   0.0343114
         116    -5.10439    -5.12711   0.0340162
         117    -5.09635    -5.12685   0.0337265
         118    -5.08351    -5.12648   0.0334426
         119    -5.06918      -5.126   0.0331651
         120    -5.05826    -5.12543   0.0328935
         121    -5.05528    -5.12485   0.0326268
         122    -5.06235    -5.12434   0.0323633
         123    -5.07657    -5.12395   0.0321026
         124    -5.09196    -5.12369   0.0318447
         125    -5.10091    -5.12351   0.0315905
         126    -5.10037    -5.12333   0.0313403
         127    -5.08644    -5.12304   0.0310949
         128    -5.06062    -5.12255   0.0308558
         129     -5.0244    -5.12179   0.0306259
         130     -4.9829    -5.12072    0.030409
         131    -4.94268    -5.11936   0.0302072
         132    -4.90987    -5.11777     0.03002
         133    -4.89095    -5.11607   0.0298427
         134    -4.88748    -5.11436   0.0296687
         135    -4.89623    -5.11275   0.0294929
         136     -4.9131    -5.11128   0.0293126
         137    -4.93305    -5.10998   0.0291275
         138    -4.95426    -5.10885   0.0289383
         139    -4.97333    -5.10788   0.0287465
         140    -4.98911    -5.10703   0.0285537
         141    -5.00086    -5.10627   0.0283611
         142    -5.00755    -5.10558   0.0281699
         143    -5.00997    -5.10491   0.0279808
         144    -5.00896    -5.10424   0.0277944
         145    -5.00375    -5.10355   0.0276114
         146    -4.99495    -5.10281   0.0274323
         147    -4.98324    -5.10199   0.0272577
         148    -4.96824    -5.10109   0.0270885
         149    -4.95282    -5.10009    0.026925
         150    -4.93796    -5.09901   0.0267672
         151    -4.92603    -5.09787   0.0266144
         152    -4.91857    -5.09669   0.0264655
         153    -4.91726    -5.09552   0.0263185
         154    -4.92334     -5.0944   0.0261713
         155    -4.93648    -5.09338   0.0260223
         156    -4.95578     -5.0925   0.0258704
         157     -4.9756    -5.09175   0.0257163
         158    -4.99267    -5.09113   0.0255612
         159     -5.0038    -5.09058   0.0254064
         160    -5.00844    -5.09006   0.0252528
         161    -5.00899    -5.08956   0.0251009
         162    -5.00644    -5.08905   0.0249512
         163     -5.0028    -5.08852   0.0248038
         164    -5.00059    -5.08798   0.0246583
         165    -5.00032    -5.08745   0.0245146
         166    -5.00094    -5.08693   0.0243725
         167    -5.00149    -5.08642   0.0242319
         168    -5.00151    -5.08591   0.0240929
         169    -4.99888     -5.0854   0.0239559
         170    -4.99359    -5.08486    0.023821
         171    -4.98716    -5.08429   0.0236886
         172    -4.98161    -5.08369   0.0235584
         173     -4.9775    -5.08307   0.0234302
         174    -4.97687    -5.08246   0.0233035
         175    -4.97954    -5.08188   0.0231777
         176    -4.98332    -5.08132   0.0230528
         177    -4.98851    -5.08079   0.0229285
         178    -4.99262     -5.0803   0.0228051
         179    -4.99632    -5.07983   0.0226825
         180     -4.9987    -5.07938    0.022561
         181    -5.00159    -5.07895   0.0224404
         182    -5.00604    -5.07855   0.0223207
         183    -5.01085    -5.07818   0.0222018
         184    -5.01556    -5.07784   0.0220837
         185     -5.0192    -5.07752   0.0219666
         186    -5.02153    -5.07722   0.0218506
         187    -5.02283    -5.07693   0.0217357
         188    -5.02267    -5.07664    0.021622
         189    -5.02329    -5.07636   0.0215094
         190    -5.02461    -5.07608   0.0213979
         191    -5.02644    -5.07582   0.0212875
         192    -5.02783    -5.07557   0.0211781
         193    -5.02901    -5.07533   0.0210697
         194    -5.02854    -5.07509   0.0209625
         195    -5.02591    -5.07484   0.0208565
         196    -5.01841    -5.07455   0.0207521
         197    -5.00739    -5.07421   0.0206495
         198     -4.9939     -5.0738   0.0205492
         199    -4.98158    -5.07334   0.0204512
         200    -4.97383    -5.07284    0.020355
         201    -4.97521    -5.07236   0.0202595
         202    -4.98542    -5.07193   0.0201638
         203    -5.00378    -5.07159   0.0200673
         204    -5.02706    -5.07137   0.0199701
         205    -5.05187    -5.07128   0.0198729
         206    -5.07518     -5.0713   0.0197764
         207    -5.09489    -5.07141   0.0196812
         208    -5.11088     -5.0716   0.0195875
         209    -5.12338    -5.07185   0.0194954
         210    -5.13172    -5.07213   0.0194046
         211    -5.13669    -5.07244   0.0193151
         212    -5.13835    -5.07275   0.0192264
         213    -5.13933    -5.07306   0.0191387
         214    -5.13987    -5.07338   0.0190518
         215    -5.14103    -5.07369   0.0189658
         216    -5.14317    -5.07401   0.0188807
         217    -5.14751    -5.07435   0.0187968
         218    -5.15377    -5.07472   0.0187141
         219    -5.16115    -5.07511   0.0186328
         220    -5.16513    -5.07552   0.0185526
         221    -5.16158    -5.07591   0.0184727
         222     -5.1486    -5.07624   0.0183924
         223    -5.12609    -5.07646   0.0183113
         224    -5.09835    -5.07656   0.0182298
         225    -5.06757    -5.07652   0.0181488
         226    -5.03807    -5.07635   0.0180693
         227    -5.01254    -5.07607   0.0179919
         228     -4.9933     -5.0757   0.0179167
         229    -4.98205    -5.07529   0.0178431
         230    -4.97871    -5.07487   0.0177705
         231    -4.98119    -5.07447   0.0176982
         232    -4.98823     -5.0741   0.0176258
         233    -4.99669    -5.07376   0.0175533
         234    -5.00549    -5.07347   0.0174807
         235    -5.01313    -5.07322   0.0174082
         236    -5.02218      -5.073   0.0173357
         237    -5.03315    -5.07283   0.0172634
         238    -5.04493    -5.07271   0.0171913
         239    -5.05479    -5.07264   0.0171195
         240    -5.05936    -5.07258   0.0170483
         241     -5.0569    -5.07252   0.0169777
         242    -5.04818    -5.07242   0.0169078
         243    -5.03518    -5.07227   0.0168389
         244    -5.02342    -5.07206   0.0167711
         245    -5.01688    -5.07184   0.0167041
         246    -5.01719    -5.07162   0.0166377
         247    -5.02508    -5.07143   0.0165714
         248    -5.04019     -5.0713   0.0165051
         249    -5.06165    -5.07126   0.0164388
         250    -5.08589    -5.07132   0.0163732
         251    -5.11075    -5.07148   0.0163087
         252    -5.13282    -5.07172   0.0162458
         253       -5.15    -5.07203   0.0161845
         254     -5.1604    -5.07238   0.0161246
         255    -5.16175    -5.07273   0.0160651
         256    -5.15425    -5.07305   0.0160055
         257    -5.13898    -5.07331   0.0159453
         258    -5.11797    -5.07348   0.0158845
         259     -5.0947    -5.07356   0.0158233
         260    -5.07383    -5.07356   0.0157625
         261    -5.05616     -5.0735   0.0157022
         262    -5.04417    -5.07338   0.0156427
         263     -5.0383    -5.07325   0.0155838
         264    -5.03879    -5.07312   0.0155253
         265    -5.04327    -5.07301   0.0154671
         266    -5.05163    -5.07293   0.0154092
         267    -5.05937    -5.07288   0.0153516
         268    -5.06572    -5.07285   0.0152943
         269    -5.06978    -5.07284   0.0152374
         270    -5.07039    -5.07283    0.015181
         271    -5.06928    -5.07282    0.015125
         272    -5.06888     -5.0728   0.0150694
         273    -5.06821    -5.07278   0.0150142
         274     -5.0673    -5.07276   0.0149594
         275    -5.06639    -5.07274   0.0149051
         276     -5.0644    -5.07271   0.0148511
         277    -5.06147    -5.07267   0.0147975
         278    -5.05833    -5.07262   0.0147444
         279     -5.0573    -5.07256   0.0146916
         280    -5.05896    -5.07252   0.0146392
         281    -5.06293    -5.07248   0.0145872
         282    -5.06919    -5.07247   0.0145355
         283    -5.07596    -5.07248   0.0144841
         284    -5.08177    -5.07251   0.0144331
         285    -5.08647    -5.07256   0.0143826
         286    -5.08934    -5.07262   0.0143324
         287    -5.08939    -5.07268   0.0142826
         288     -5.0863    -5.07273   0.0142331
         289     -5.0785    -5.07275   0.0141838
         290    -5.06659    -5.07273    0.014135
         291    -5.05088    -5.07265   0.0140866
         292    -5.03221    -5.07251    0.014039
         293    -5.01179    -5.07231   0.0139926
         294    -4.99435    -5.07204   0.0139476
         295    -4.98149    -5.07173   0.0139036
         296    -4.97419     -5.0714   0.0138606
         297    -4.97266    -5.07107   0.0138179
         298    -4.97528    -5.07075   0.0137753
         299    -4.98079    -5.07045   0.0137325
         300    -4.98877    -5.07018   0.0136894
         301    -4.99721    -5.06993   0.0136461
         302    -5.00478    -5.06972   0.0136026
         303    -5.00814    -5.06952   0.0135592
         304     -5.0057    -5.06931   0.0135162
         305    -4.99497    -5.06906   0.0134741
         306    -4.97657    -5.06876   0.0134335
         307     -4.9522    -5.06838   0.0133951
         308    -4.92888    -5.06793   0.0133593
         309     -4.9109    -5.06742   0.0133257
         310    -4.89987    -5.06688   0.0132937
         311    -4.89856    -5.06634   0.0132619
         312    -4.90642    -5.06582   0.0132293
         313    -4.92216    -5.06537    0.013195
         314    -4.94191    -5.06497   0.0131588
         315    -4.96506    -5.06466   0.0131209
         316    -4.98913    -5.06442   0.0130815
         317    -5.01308    -5.06425   0.0130413
         318    -5.03641    -5.06417   0.0130006
         319    -5.05556    -5.06414   0.0129598
         320    -5.07177    -5.06416   0.0129194
         321    -5.08562    -5.06423   0.0128793
         322    -5.09524    -5.06433   0.0128396
         323    -5.10026    -5.06444   0.0128004
         324    -5.10101    -5.06455   0.0127614
         325    -5.09706    -5.06465   0.0127225
         326    -5.08959    -5.06473   0.0126837
         327    -5.07947    -5.06477    0.012645
         328    -5.06677    -5.06478   0.0126064
         329    -5.05215    -5.06474   0.0125682
         330    -5.03641    -5.06465   0.0125304
         331    -5.01868    -5.06452   0.0124933
         332    -4.99746    -5.06431   0.0124573
         333    -4.97442    -5.06404   0.0124228
         334    -4.95165    -5.06371   0.0123902
         335    -4.93187    -5.06331   0.0123594
         336    -4.91683    -5.06288   0.0123303
         337    -4.90985    -5.06242   0.0123021
         338    -4.91192    -5.06198   0.0122738
         339    -4.92331    -5.06157   0.0122444
         340    -4.94239    -5.06122   0.0122134
         341    -4.96763    -5.06094   0.0121807
         342    -4.99464    -5.06075   0.0121466
         343    -5.02147    -5.06064   0.0121117
         344    -5.04536    -5.06059   0.0120766
         345    -5.06558    -5.06061   0.0120416
         346    -5.07931    -5.06066   0.0120069
         347    -5.08481    -5.06073   0.0119725
         348    -5.08169    -5.06079   0.0119383
         349    -5.06982    -5.06082   0.0119041
         350    -5.05129    -5.06079   0.0118701
         351    -5.02988     -5.0607   0.0118366
         352    -5.00986    -5.06056   0.0118039
         353    -4.99431    -5.06037   0.0117719
         354    -4.98562    -5.06016   0.0117406
         355     -4.9818    -5.05994   0.0117096
         356    -4.98314    -5.05972   0.0116786
         357    -4.98543    -5.05951   0.0116478
         358    -4.98579    -5.05931   0.0116171
         359    -4.98357     -5.0591   0.0115866
         360    -4.97611    -5.05887   0.0115567
         361    -4.96385     -5.0586   0.0115277
         362    -4.94627    -5.05829   0.0115001
         363    -4.92753    -5.05793    0.011474
         364    -4.91191    -5.05753   0.0114495
         365    -4.90312    -5.05711   0.0114259
         366    -4.90149    -5.05668   0.0114026
         367    -4.90527    -5.05627    0.011379
         368    -4.91438    -5.05588   0.0113546
         369    -4.92764    -5.05554   0.0113292
         370    -4.94216    -5.05523   0.0113027
         371     -4.9568    -5.05496   0.0112754
         372    -4.96967    -5.05474   0.0112474
         373    -4.97704    -5.05453   0.0112191
         374    -4.97876    -5.05432    0.011191
         375    -4.97509    -5.05411   0.0111631
         376    -4.96777    -5.05388   0.0111358
         377    -4.95985    -5.05363   0.0111091
         378    -4.95421    -5.05337   0.0110828
         379    -4.95248     -5.0531   0.0110567
         380    -4.95431    -5.05284   0.0110307
         381    -4.96046     -5.0526   0.0110044
         382    -4.97252    -5.05239   0.0109776
         383    -4.99159    -5.05223   0.0109501
         384    -5.01879    -5.05215   0.0109219
         385    -5.05025    -5.05214   0.0108935
         386    -5.08374    -5.05222   0.0108656
         387    -5.11583    -5.05239   0.0108388
         388    -5.14404    -5.05262   0.0108134
         389    -5.16572    -5.05292   0.0107896
         390    -5.17812    -5.05324   0.0107667
         391    -5.18241    -5.05357   0.0107442
         392    -5.18076    -5.05389   0.0107217
         393    -5.17488     -5.0542   0.0106988
         394    -5.16709    -5.05449   0.0106755
         395     -5.1611    -5.05476   0.0106519
         396    -5.15784    -5.05502   0.0106282
         397    -5.15583    -5.05527   0.0106044
         398    -5.15376    -5.05552   0.0105807
         399    -5.15106    -5.05576   0.0105569
         400    -5.14524    -5.05598   0.0105328
         401    -5.13691    -5.05618   0.0105085
         402    -5.12673    -5.05636   0.0104838
         403    -5.11509     -5.0565   0.0104588
         404    -5.10203    -5.05662   0.0104335
         405    -5.09072     -5.0567   0.0104081
         406     -5.0807    -5.05676   0.0103827
         407    -5.07163     -5.0568   0.0103572
         408     -5.0653    -5.05682   0.0103318
         409    -5.06086    -5.05683   0.0103066
         410    -5.05827    -5.05683   0.0102815
         411    -5.05746    -5.05683   0.0102564
         412    -5.06012    -5.05684   0.0102315
         413    -5.06785    -5.05687   0.0102068
         414     -5.0795    -5.05692   0.0101823
         415    -5.09294    -5.05701   0.0101581
         416    -5.10529    -5.05712   0.0101344
         417    -5.11198    -5.05726   0.0101109
         418    -5.11132    -5.05738   0.0100876
         419    -5.10246    -5.05749   0.0100641
         420    -5.08665    -5.05756   0.0100403
         421    -5.06509    -5.05758   0.0100165
         422    -5.04099    -5.05754  0.00999285
         423    -5.01587    -5.05744  0.00996972
         424    -4.99349    -5.05729  0.00994734
         425    -4.97467     -5.0571  0.00992584
         426    -4.96131    -5.05687  0.00990508
         427    -4.95528    -5.05663  0.00988474
         428    -4.95638     -5.0564  0.00986442
         429    -4.96583    -5.05619  0.00984369
         430     -4.9821    -5.05602   0.0098223
         431    -5.00225    -5.05589  0.00980031
         432    -5.02372    -5.05582   0.0097779
         433    -5.04254    -5.05579  0.00975537
         434    -5.05725    -5.05579  0.00973289
         435    -5.06754    -5.05582  0.00971055
         436    -5.07822    -5.05587  0.00968842
         437    -5.08898    -5.05594  0.00966654
         438    -5.10089    -5.05605  0.00964502
         439    -5.11291    -5.05618  0.00962392
         440    -5.12277    -5.05633  0.00960324
         441    -5.12785    -5.05649  0.00958283
         442     -5.1295    -5.05665  0.00956257
         443    -5.12786    -5.05682  0.00954234
         444    -5.12447    -5.05697  0.00952206
         445    -5.11979    -5.05711  0.00950171
         446    -5.11383    -5.05724  0.00948126
         447    -5.10731    -5.05735  0.00946071
         448    -5.09969    -5.05744  0.00944006
         449    -5.09147    -5.05752  0.00941934
         450    -5.08414    -5.05758   0.0093986
         451    -5.07732    -5.05762  0.00937786
         452     -5.0711    -5.05765  0.00935716
         453    -5.06594    -5.05767  0.00933652
         454    -5.06077    -5.05768  0.00931596
         455    -5.05524    -5.05767  0.00929549
         456    -5.05177    -5.05766  0.00927511
         457     -5.0497    -5.05764  0.00925483
         458    -5.04903    -5.05762  0.00923464
         459    -5.04863     -5.0576  0.00921454
         460     -5.0468    -5.05758  0.00919454
         461    -5.04347    -5.05755  0.00917465
         462    -5.03565     -5.0575  0.00915491
         463    -5.02415    -5.05743  0.00913542
         464    -5.01249    -5.05733  0.00911625
         465    -5.00285    -5.05721   0.0090974
         466    -4.99789    -5.05709  0.00907876
         467    -4.99627    -5.05696  0.00906026
         468    -4.99784    -5.05683  0.00904178
         469    -5.00429    -5.05672  0.00902319
         470    -5.01581    -5.05663  0.00900441
         471    -5.03113    -5.05658  0.00898546
         472    -5.04826    -5.05656  0.00896644
         473     -5.0645    -5.05658   0.0089475
         474    -5.07448    -5.05661   0.0089287
         475    -5.07755    -5.05666  0.00891001
         476    -5.07309    -5.05669  0.00889136
         477    -5.06177     -5.0567  0.00887273
         478    -5.04621    -5.05668  0.00885419
         479    -5.02542    -5.05662  0.00883595
         480    -5.00026     -5.0565  0.00881832
         481    -4.97119    -5.05632  0.00880177
         482    -4.93967    -5.05608  0.00878684
         483    -4.90632    -5.05577  0.00877411
         484    -4.87574     -5.0554  0.00876387
         485    -4.85278    -5.05498  0.00875575
         486    -4.84134    -5.05454  0.00874876
         487    -4.84333    -5.05411  0.00874154
         488    -4.85372     -5.0537  0.00873326
         489    -4.86924    -5.05332  0.00872355
         490    -4.88661    -5.05298  0.00871238
         491    -4.90412    -5.05268   0.0086999
         492    -4.92447    -5.05241  0.00868612
         493     -4.9458     -5.0522   0.0086712
         494    -4.96701    -5.05203  0.00865536
         495    -4.98758     -5.0519  0.00863885
         496     -5.0064     -5.0518  0.00862192
         497    -5.02036    -5.05174   0.0086048
         498    -5.02984     -5.0517  0.00858764
         499    -5.03504    -5.05166  0.00857049
         500    -5.03544    -5.05163  0.00855341
         501    -5.03081    -5.05159  0.00853644
         502    -5.02288    -5.05153  0.00851963
         503    -5.01351    -5.05146  0.00850303
         504    -5.00414    -5.05136  0.00848667
         505    -4.99694    -5.05126  0.00847055
         506    -4.99318    -5.05114  0.00845459
         507    -4.99432    -5.05103  0.00843866
         508    -4.99992    -5.05093  0.00842265
         509    -5.01269    -5.05085  0.00840643
         510    -5.03158    -5.05081  0.00839003
         511     -5.0545    -5.05082  0.00837362
         512    -5.07828    -5.05088  0.00835744
         513    -5.09867    -5.05097  0.00834166
         514    -5.11232    -5.05109  0.00832629
         515    -5.11854    -5.05122  0.00831115
         516    -5.11715    -5.05135  0.00829603
         517    -5.10894    -5.05146  0.00828073
         518    -5.09551    -5.05154  0.00826518
         519    -5.08067     -5.0516  0.00824944
         520    -5.06409    -5.05162  0.00823361
         521     -5.0506    -5.05162  0.00821781
         522     -5.0416     -5.0516  0.00820209
         523    -5.03955    -5.05158  0.00818644
         524    -5.04625    -5.05157  0.00817082
         525    -5.05926    -5.05158  0.00815527
         526     -5.0763    -5.05163   0.0081399
         527    -5.09543    -5.05171  0.00812488
         528    -5.11395    -5.05183  0.00811035
         529    -5.13011    -5.05198  0.00809637
         530    -5.14186    -5.05215  0.00808287
         531    -5.15079    -5.05234  0.00806978
         532    -5.15533    -5.05253  0.00805693
         533     -5.1571    -5.05272  0.00804421
         534    -5.15607    -5.05292  0.00803147
         535    -5.15365    -5.05311  0.00801866
         536    -5.14914    -5.05329  0.00800571
         537    -5.14176    -5.05345  0.00799249
         538     -5.1298    -5.05359   0.0079789
         539    -5.10998     -5.0537  0.00796478
         540    -5.08129    -5.05375  0.00795019
         541     -5.0457    -5.05373  0.00793551
         542    -5.00537    -5.05364  0.00792137
         543    -4.96531    -5.05348  0.00790845
         544    -4.93326    -5.05326    0.007897
         545    -4.91386      -5.053  0.00788666
         546    -4.90699    -5.05274  0.00787674
         547     -4.9064    -5.05247  0.00786689
         548    -4.90967    -5.05221  0.00785685
         549    -4.91328    -5.05196  0.00784661
         550    -4.91699    -5.05171  0.00783618
         551    -4.92143    -5.05147  0.00782552
         552    -4.92594    -5.05125  0.00781465
         553    -4.93015    -5.05103  0.00780359
         554    -4.93473    -5.05082  0.00779232
         555    -4.94028    -5.05062  0.00778083
         556    -4.94681    -5.05043  0.00776907
         557    -4.95531    -5.05026    0.007757
         558    -4.96756    -5.05011  0.00774452
         559    -4.98219    -5.04999  0.00773161
         560    -4.99787     -5.0499  0.00771837
         561    -5.01429    -5.04984  0.00770487
         562    -5.02681    -5.04979  0.00769127
         563    -5.03287    -5.04976  0.00767767
         564     -5.0316    -5.04973  0.00766412
         565    -5.02426    -5.04969  0.00765069
         566    -5.01196    -5.04962  0.00763746
         567    -4.99584    -5.04953  0.00762458
         568    -4.97636     -5.0494  0.00761225
         569    -4.95704    -5.04923   0.0076006
         570    -4.94058    -5.04904  0.00758965
         571    -4.92803    -5.04883  0.00757932
         572      -4.924    -5.04861  0.00756921
         573    -4.93159    -5.04841  0.00755876
         574    -4.94889    -5.04824  0.00754758
         575    -4.97367    -5.04811  0.00753556
         576    -4.99963    -5.04802  0.00752295
         577    -5.02109    -5.04798  0.00751006
         578    -5.03156    -5.04795  0.00749712
         579    -5.03211    -5.04792  0.00748422
         580    -5.02419    -5.04788  0.00747143
         581    -5.01023    -5.04781  0.00745885
         582    -4.99337    -5.04772  0.00744662
         583    -4.97755     -5.0476  0.00743482
         584    -4.96369    -5.04746  0.00742348
         585    -4.95224    -5.04729  0.00741257
         586    -4.94272    -5.04711  0.00740207
         587    -4.93639    -5.04693  0.00739186
         588    -4.93287    -5.04673  0.00738184
         589    -4.93111    -5.04654  0.00737191
         590    -4.93378    -5.04634   0.0073619
         591     -4.9391    -5.04616  0.00735167
         592    -4.94894      -5.046  0.00734109
         593    -4.96232    -5.04586  0.00733007
         594    -4.97635    -5.04574  0.00731866
         595    -4.98933    -5.04565  0.00730697
         596    -4.99976    -5.04557  0.00729512
         597    -5.00586     -5.0455   0.0072832
         598    -5.00606    -5.04544  0.00727132
         599    -5.00402    -5.04537  0.00725951
         600    -5.00173    -5.04529  0.00724778
         601    -5.00284    -5.04522  0.00723606
         602    -5.00678    -5.04516  0.00722432
         603    -5.01574    -5.04511  0.00721251
         604    -5.02863    -5.04508  0.00720062
         605    -5.04256    -5.04508  0.00718872
         606    -5.05698     -5.0451  0.00717688
         607    -5.06804    -5.04514  0.00716516
         608    -5.07224    -5.04518  0.00715351
         609    -5.07027    -5.04522  0.00714188
         610    -5.06237    -5.04525  0.00713023
         611    -5.04949    -5.04526  0.00711857
         612    -5.03288    -5.04524  0.00710696
         613    -5.01706    -5.04519  0.00709552
         614    -5.00446    -5.04513  0.00708427
         615    -4.99657    -5.04505  0.00707319
         616    -4.99264    -5.04496  0.00706222
         617    -4.99317    -5.04488  0.00705127
         618    -4.99717     -5.0448  0.00704029
         619    -5.00562    -5.04474   0.0070292
         620    -5.01856     -5.0447  0.00701799
         621    -5.03442    -5.04468  0.00700671
         622    -5.05213    -5.04469  0.00699545
         623    -5.06926    -5.04473  0.00698433
         624    -5.08071    -5.04479  0.00697338
         625    -5.08471    -5.04485  0.00696251
         626    -5.07965    -5.04491  0.00695161
         627    -5.06779    -5.04494  0.00694062
         628    -5.05271    -5.04496  0.00692958
         629     -5.0367    -5.04494  0.00691858
         630    -5.01948     -5.0449  0.00690771
         631    -5.00243    -5.04484  0.00689709
         632    -4.98476    -5.04474  0.00688684
         633    -4.96733    -5.04462  0.00687704
         634    -4.95019    -5.04447  0.00686781
         635     -4.9367     -5.0443  0.00685909
         636    -4.92789    -5.04412  0.00685075
         637    -4.92658    -5.04393  0.00684248
         638    -4.93595    -5.04376  0.00683384
         639    -4.95628    -5.04363  0.00682452
         640    -4.98379    -5.04353   0.0068145
         641    -5.01363    -5.04349  0.00680403
         642    -5.03945    -5.04348  0.00679343
         643    -5.05715     -5.0435   0.0067829
         644    -5.06497    -5.04353  0.00677245
         645    -5.06411    -5.04357  0.00676202
         646    -5.05719    -5.04359  0.00675159
         647    -5.04733    -5.04359  0.00674116
         648     -5.0398    -5.04359  0.00673076
         649    -5.03469    -5.04357   0.0067204
         650    -5.03271    -5.04356  0.00671008
         651     -5.0322    -5.04354   0.0066998
         652    -5.03238    -5.04352  0.00668954
         653    -5.03084     -5.0435  0.00667933
         654    -5.02572    -5.04347  0.00666917
         655     -5.0184    -5.04344   0.0066591
         656    -5.00884    -5.04338  0.00664915
         657    -5.00121    -5.04332  0.00663934
         658    -4.99744    -5.04325  0.00662962
         659    -4.99821    -5.04318  0.00661991
         660     -5.0084    -5.04313  0.00661009
         661    -5.02683     -5.0431  0.00660014
         662    -5.05001    -5.04311  0.00659018
         663    -5.07613    -5.04316  0.00658042
         664    -5.10139    -5.04325   0.0065711
         665    -5.12435    -5.04337  0.00656235
         666    -5.14281    -5.04352  0.00655419
         667    -5.15317    -5.04369  0.00654643
         668    -5.15539    -5.04386  0.00653876
         669    -5.14974    -5.04401   0.0065309
         670    -5.13752    -5.04415  0.00652265
         671    -5.12134    -5.04427  0.00651394
         672    -5.10335    -5.04436  0.00650484
         673    -5.08639    -5.04442  0.00649548
         674    -5.07039    -5.04446  0.00648595
         675    -5.05563    -5.04447  0.00647637
         676    -5.03934    -5.04447  0.00646679
         677    -5.01904    -5.04443  0.00645735
         678     -4.9937    -5.04435  0.00644826
         679    -4.96399    -5.04424  0.00643984
         680    -4.93239    -5.04407  0.00643247
         681    -4.90112    -5.04386  0.00642645
         682    -4.87601    -5.04361  0.00642174
         683    -4.85943    -5.04334    0.006418
         684    -4.85241    -5.04307  0.00641468
         685    -4.85496    -5.04279  0.00641119
         686    -4.86678    -5.04253  0.00640698
         687    -4.88575    -5.04231  0.00640172
         688     -4.9108    -5.04212  0.00639527
         689    -4.93978    -5.04197  0.00638771
         690    -4.97127    -5.04186  0.00637927
         691    -5.00281    -5.04181  0.00637029
         692     -5.0322    -5.04179   0.0063611
         693    -5.05558    -5.04181  0.00635195
         694    -5.07066    -5.04186  0.00634294
         695    -5.07906    -5.04191  0.00633404
         696    -5.08065    -5.04196  0.00632518
         697    -5.07811    -5.04202  0.00631632
         698     -5.0735    -5.04206  0.00630743
         699    -5.06853     -5.0421  0.00629852
         700    -5.06374    -5.04213   0.0062896
         701    -5.05776    -5.04215  0.00628066
         702    -5.05148    -5.04217  0.00627173
         703    -5.04275    -5.04217  0.00626281
         704     -5.0309    -5.04215  0.00625393
         705    -5.01797    -5.04212  0.00624516
         706    -5.00491    -5.04206  0.00623653
         707    -4.99393      -5.042  0.00622809
         708    -4.98697    -5.04192  0.00621977
         709     -4.9874    -5.04184  0.00621148
         710     -4.9982    -5.04178  0.00620303
         711    -5.01747    -5.04175   0.0061944
         712    -5.04346    -5.04175   0.0061857
         713    -5.07074    -5.04179  0.00617716
         714    -5.09542    -5.04186  0.00616897
         715    -5.11327    -5.04196  0.00616115
         716    -5.12348    -5.04208  0.00615359
         717    -5.12566    -5.04219  0.00614611
         718    -5.11979     -5.0423   0.0061385
         719    -5.10719    -5.04239  0.00613063
         720    -5.08794    -5.04246  0.00612244
         721    -5.06521    -5.04249  0.00611403
         722    -5.04048    -5.04248  0.00610556
         723    -5.01716    -5.04245  0.00609722
         724    -5.00105    -5.04239  0.00608907
         725    -4.99625    -5.04233    0.006081
         726    -5.00238    -5.04227  0.00607287
         727    -5.01879    -5.04224  0.00606461
         728     -5.0414    -5.04224  0.00605627
         729    -5.06558    -5.04227  0.00604805
         730    -5.08625    -5.04233  0.00604007
         731     -5.0988    -5.04241   0.0060323
         732    -5.10161    -5.04249   0.0060246
         733    -5.09398    -5.04256  0.00601679
         734    -5.07495     -5.0426  0.00600875
         735    -5.04751    -5.04261  0.00600058
         736    -5.01372    -5.04257  0.00599256
         737    -4.97846    -5.04249  0.00598506
         738    -4.94734    -5.04236  0.00597834
         739    -4.92532     -5.0422  0.00597234
         740    -4.91585    -5.04203  0.00596671
         741    -4.92054    -5.04186  0.00596091
         742    -4.94044    -5.04173  0.00595445
         743    -4.96962    -5.04163  0.00594722
         744    -5.00257    -5.04158  0.00593946
         745    -5.03267    -5.04156   0.0059315
         746    -5.05637    -5.04158  0.00592358
         747    -5.07221    -5.04163   0.0059158
         748    -5.08016    -5.04168  0.00590811
         749    -5.08367    -5.04173  0.00590049
         750    -5.08356    -5.04179  0.00589289
         751    -5.08383    -5.04184   0.0058853
         752    -5.08496     -5.0419  0.00587776
         753    -5.08408    -5.04196  0.00587022
         754    -5.07914    -5.04201  0.00586264
         755    -5.07043    -5.04205    0.005855
         756     -5.0575    -5.04207  0.00584729
         757    -5.04193    -5.04207  0.00583956
         758    -5.02558    -5.04204   0.0058319
         759    -5.01275    -5.04201  0.00582434
         760    -5.00379    -5.04195   0.0058169
         761     -5.0004     -5.0419  0.00580951
         762    -5.00207    -5.04185  0.00580212
         763    -5.00703     -5.0418   0.0057947
         764    -5.01505    -5.04177  0.00578722
         765    -5.02693    -5.04175  0.00577968
         766    -5.04063    -5.04175  0.00577214
         767    -5.05431    -5.04176  0.00576464
         768     -5.0654    -5.04179  0.00575721
         769    -5.07308    -5.04183  0.00574987
         770    -5.07446    -5.04188  0.00574256
         771    -5.07167    -5.04192  0.00573524
         772    -5.06791    -5.04195  0.00572791
         773    -5.06622    -5.04198  0.00572059
         774    -5.06671    -5.04201  0.00571328
         775    -5.07217    -5.04205  0.00570605
         776    -5.07822     -5.0421  0.00569888
         777    -5.08227    -5.04215  0.00569178
         778    -5.08236     -5.0422   0.0056847
         779    -5.07752    -5.04225  0.00567758
         780    -5.06631    -5.04228  0.00567039
         781    -5.05051    -5.04229  0.00566314
         782    -5.03074    -5.04227  0.00565592
         783    -5.01315    -5.04224  0.00564882
         784    -4.99786    -5.04218  0.00564189
         785    -4.98833    -5.04211  0.00563512
         786     -4.9858    -5.04204  0.00562841
         787    -4.98885    -5.04197  0.00562166
         788    -4.99612    -5.04191  0.00561483
         789    -5.00816    -5.04187  0.00560788
         790    -5.02279    -5.04185  0.00560083
         791    -5.03776    -5.04184  0.00559375
         792    -5.05069    -5.04185   0.0055867
         793    -5.06029    -5.04188   0.0055797
         794    -5.06474     -5.0419  0.00557275
         795    -5.06272    -5.04193   0.0055658
         796    -5.05601    -5.04195  0.00555884
         797    -5.04695    -5.04195  0.00555187
         798    -5.03875    -5.04195  0.00554491
         799    -5.03618    -5.04194  0.00553798
         800     -5.0403    -5.04194  0.00553105
         801     -5.0468    -5.04195  0.00552415
         802    -5.05177    -5.04196  0.00551728
         803    -5.05325    -5.04197  0.00551043
         804    -5.04891    -5.04198  0.00550358
         805    -5.04061    -5.04198  0.00549674
         806    -5.03155    -5.04197  0.00548994
         807      -5.024    -5.04195  0.00548318
         808    -5.01865    -5.04192  0.00547647
         809     -5.0169    -5.04189  0.00546979
         810    -5.01702    -5.04186  0.00546312
         811    -5.02093    -5.04183  0.00545645
         812    -5.02628    -5.04181  0.00544976
         813     -5.0355     -5.0418  0.00544306
         814    -5.04785    -5.04181  0.00543638
         815     -5.0606    -5.04183  0.00542976
         816    -5.07249    -5.04187  0.00542323
         817    -5.08244    -5.04192  0.00541682
         818    -5.08914    -5.04198  0.00541051
         819     -5.0925    -5.04204  0.00540425
         820    -5.09425     -5.0421  0.00539804
         821     -5.0949    -5.04217  0.00539185
         822    -5.09282    -5.04223  0.00538564
         823    -5.08715    -5.04228  0.00537937
         824    -5.07624    -5.04232    0.005373
         825    -5.06197    -5.04235  0.00536654
         826     -5.0447    -5.04235  0.00536005
         827    -5.02475    -5.04233  0.00535361
         828    -5.00541    -5.04229  0.00534733
         829    -4.98948    -5.04222  0.00534126
         830    -4.97944    -5.04215  0.00533536
         831     -4.9766    -5.04207  0.00532952
         832    -4.98142    -5.04199  0.00532361
         833    -4.99209    -5.04193  0.00531756
         834    -5.00742    -5.04189  0.00531134
         835    -5.02635    -5.04187  0.00530501
         836    -5.04673    -5.04188  0.00529867
         837    -5.06567    -5.04191  0.00529242
         838    -5.08025    -5.04195   0.0052863
         839    -5.09015    -5.04201  0.00528031
         840     -5.0972    -5.04208  0.00527443
         841    -5.10039    -5.04215  0.00526862
         842    -5.10295    -5.04222  0.00526286
         843    -5.10687     -5.0423  0.00525717
         844     -5.1105    -5.04238  0.00525156
         845    -5.11359    -5.04246  0.00524602
         846    -5.11582    -5.04255  0.00524054
         847    -5.11686    -5.04264  0.00523509
         848     -5.1154    -5.04272  0.00522962
         849    -5.11097     -5.0428  0.00522408
         850    -5.10734    -5.04288  0.00521848
         851     -5.1039    -5.04295  0.00521284
         852    -5.10156    -5.04302  0.00520718
         853    -5.10049    -5.04309  0.00520151
         854    -5.10102    -5.04315  0.00519586
         855    -5.10208    -5.04322  0.00519024
         856    -5.10332    -5.04329  0.00518465
         857    -5.10236    -5.04336  0.00517906
         858    -5.10014    -5.04343  0.00517345
         859    -5.09741    -5.04349  0.00516781
         860    -5.09313    -5.04355  0.00516212
         861    -5.08694     -5.0436  0.00515637
         862    -5.08072    -5.04364  0.00515057
         863    -5.07432    -5.04368  0.00514472
         864    -5.06743     -5.0437  0.00513884
         865    -5.05722    -5.04372  0.00513292
         866    -5.04483    -5.04372    0.005127
         867    -5.02981    -5.04371  0.00512111
         868    -5.01226    -5.04367  0.00511534
         869    -4.99497    -5.04361  0.00510976
         870    -4.98032    -5.04354   0.0051044
         871    -4.97021    -5.04346  0.00509924
         872    -4.96508    -5.04337  0.00509418
         873    -4.96552    -5.04328  0.00508912
         874    -4.96979    -5.04319    0.005084
         875    -4.97765    -5.04312  0.00507874
         876    -4.98738    -5.04305  0.00507334
         877    -4.99994    -5.04301  0.00506779
         878    -5.01639    -5.04298  0.00506211
         879    -5.03175    -5.04296  0.00505637
         880    -5.04628    -5.04297  0.00505062
         881    -5.05786    -5.04298  0.00504492
         882    -5.06413    -5.04301  0.00503926
         883    -5.06424    -5.04303  0.00503361
         884    -5.05876    -5.04305  0.00502794
         885    -5.05149    -5.04306  0.00502227
         886    -5.04547    -5.04306   0.0050166
         887    -5.04296    -5.04306  0.00501095
         888    -5.04215    -5.04306  0.00500531
         889    -5.04335    -5.04306  0.00499967
         890    -5.04406    -5.04306  0.00499406
         891    -5.04453    -5.04306  0.00498845
         892    -5.04205    -5.04306  0.00498286
         893    -5.04052    -5.04306  0.00497728
         894    -5.04265    -5.04306  0.00497171
         895    -5.04979    -5.04307  0.00496616
         896    -5.06121    -5.04309  0.00496066
         897    -5.07663    -5.04312  0.00495527
         898    -5.09488    -5.04318  0.00495009
         899     -5.1133    -5.04326   0.0049452
         900    -5.12939    -5.04336  0.00494063
         901    -5.13929    -5.04346  0.00493629
         902    -5.14202    -5.04357  0.00493203
         903    -5.13949    -5.04368  0.00492771
         904    -5.13191    -5.04377  0.00492323
         905    -5.12187    -5.04386  0.00491854
         906    -5.10909    -5.04393  0.00491364
         907    -5.09773    -5.04399  0.00490858
         908    -5.09067    -5.04404  0.00490345
         909    -5.08685    -5.04409  0.00489828
         910    -5.08702    -5.04414  0.00489312
         911     -5.0895    -5.04419    0.004888
         912    -5.09353    -5.04424  0.00488294
         913    -5.09888     -5.0443  0.00487796
         914    -5.10531    -5.04437  0.00487308
         915    -5.11031    -5.04444  0.00486829
         916    -5.11494    -5.04452  0.00486358
         917    -5.11751     -5.0446  0.00485893
         918    -5.11683    -5.04468  0.00485427
         919     -5.1146    -5.04475  0.00484959
         920    -5.11158    -5.04482  0.00484486
         921    -5.10944    -5.04489  0.00484011
         922    -5.11071    -5.04497  0.00483539
         923    -5.11443    -5.04504  0.00483073
         924     -5.1212    -5.04512  0.00482621
         925    -5.13035    -5.04522  0.00482187
         926    -5.14221    -5.04532   0.0048178
         927    -5.15578    -5.04544  0.00481408
         928    -5.17132    -5.04558   0.0048108
         929    -5.18659    -5.04573  0.00480802
         930    -5.19972    -5.04589   0.0048057
         931    -5.20907    -5.04607  0.00480373
         932    -5.21276    -5.04625   0.0048019
         933    -5.21057    -5.04642  0.00479998
         934    -5.20174    -5.04659  0.00479773
         935    -5.18651    -5.04674  0.00479493
         936    -5.16748    -5.04687  0.00479154
         937    -5.14494    -5.04697  0.00478757
         938    -5.11902    -5.04705  0.00478308
         939     -5.0909     -5.0471  0.00477822
         940    -5.06021    -5.04711  0.00477315
         941    -5.02733    -5.04709  0.00476813
         942     -4.9932    -5.04703  0.00476341
         943    -4.96028    -5.04694  0.00475924
         944    -4.92905    -5.04682  0.00475584
         945    -4.90396    -5.04666  0.00475321
         946     -4.8882     -5.0465  0.00475114
         947    -4.88358    -5.04632  0.00474923
         948     -4.8885    -5.04616  0.00474714
         949    -4.90021      -5.046  0.00474463
         950    -4.91744    -5.04587  0.00474156
         951    -4.93856    -5.04576  0.00473792
         952    -4.96272    -5.04567  0.00473375
         953    -4.99131    -5.04561  0.00472912
         954    -5.02042    -5.04559  0.00472424
         955    -5.04713    -5.04559  0.00471929
         956    -5.06763    -5.04561  0.00471441
         957    -5.07888    -5.04564  0.00470961
         958    -5.08168    -5.04568  0.00470485
         959    -5.07701    -5.04572  0.00470006
         960    -5.06634    -5.04574  0.00469521
         961    -5.05016    -5.04574  0.00469033
         962    -5.03165    -5.04573  0.00468547
         963     -5.0124    -5.04569  0.00468074
         964     -4.9951    -5.04564  0.00467617
         965    -4.98204    -5.04557  0.00467179
         966    -4.97573     -5.0455  0.00466752
         967    -4.97727    -5.04543  0.00466322
         968    -4.98585    -5.04537  0.00465881
         969    -4.99776    -5.04532  0.00465426
         970    -5.01069    -5.04528   0.0046496
         971     -5.0219    -5.04526  0.00464487
         972    -5.03125    -5.04525  0.00464012
         973    -5.03994    -5.04524  0.00463535
         974    -5.04833    -5.04524  0.00463059
         975    -5.05826    -5.04526  0.00462586
         976    -5.07167    -5.04528   0.0046212
         977    -5.08399    -5.04532  0.00461664
         978    -5.09424    -5.04537  0.00461219
         979    -5.09893    -5.04543  0.00460781
         980    -5.09568    -5.04548  0.00460339
         981    -5.08395    -5.04552  0.00459887
         982     -5.0664    -5.04554  0.00459423
         983    -5.04761    -5.04554  0.00458956
         984    -5.02857    -5.04552  0.00458493
         985     -5.0117    -5.04549   0.0045804
         986    -4.99755    -5.04544  0.00457601
         987    -4.98668    -5.04538  0.00457176
         988    -4.97955    -5.04532  0.00456762
         989    -4.97804    -5.04525  0.00456351
         990    -4.98288    -5.04518  0.00455934
         991    -4.99101    -5.04513  0.00455506
         992    -5.00368    -5.04509  0.00455066
         993     -5.0187    -5.04506  0.00454616
         994    -5.03519    -5.04505  0.00454159
         995    -5.05095    -5.04506  0.00453703
         996    -5.06508    -5.04508  0.00453252
         997    -5.07778    -5.04511   0.0045281
         998    -5.08872    -5.04515  0.00452377
         999     -5.0981    -5.04521  0.00451955
        1000    -5.10591    -5.04527  0.00451544
        1001     -5.1121    -5.04533  0.00451142
        1002    -5.11491     -5.0454  0.00450745
        1003    -5.11462    -5.04547  0.00450349
        1004    -5.11101    -5.04554  0.00449948
        1005    -5.10416     -5.0456  0.00449538
        1006    -5.09461    -5.04565  0.00449117
        1007    -5.08377    -5.04568  0.00448687
        1008    -5.07404    -5.04571  0.00448251
        1009    -5.06691    -5.04573  0.00447812
        1010     -5.0609    -5.04575  0.00447371
        1011    -5.05883    -5.04576   0.0044693
        1012    -5.06122    -5.04578  0.00446491
        1013    -5.06754     -5.0458  0.00446055
        1014    -5.07854    -5.04583  0.00445627
        1015    -5.09042    -5.04587   0.0044521
        1016    -5.09991    -5.04593  0.00444803
        1017    -5.10617    -5.04599  0.00444406
        1018    -5.10949    -5.04605  0.00444013
        1019    -5.10884    -5.04611   0.0044362
        1020    -5.10668    -5.04617  0.00443225
        1021    -5.10602    -5.04623  0.00442829
        1022    -5.10802    -5.04629  0.00442437
        1023     -5.1142    -5.04635  0.00442055
        1024    -5.12129    -5.04643  0.00441683
        1025    -5.12705    -5.04651  0.00441323
        1026    -5.12938    -5.04659  0.00440966
        1027    -5.12605    -5.04666  0.00440605
        1028    -5.11599    -5.04673  0.00440228
        1029     -5.0994    -5.04678   0.0043983
        1030    -5.07934    -5.04681  0.00439414
        1031    -5.05725    -5.04683  0.00438989
        1032    -5.03663    -5.04682  0.00438565
        1033    -5.01845    -5.04679  0.00438149
        1034      -5.003    -5.04675  0.00437746
        1035    -4.99059    -5.04669  0.00437356
        1036     -4.9788    -5.04663  0.00436983
        1037    -4.96771    -5.04655  0.00436628
        1038    -4.95635    -5.04646  0.00436294
        1039    -4.94636    -5.04637   0.0043598
        1040    -4.94059    -5.04626   0.0043568
        1041    -4.93867    -5.04616  0.00435384
        1042    -4.94094    -5.04606  0.00435083
        1043    -4.94673    -5.04596   0.0043477
        1044    -4.95601    -5.04588  0.00434439
        1045     -4.9693    -5.04581  0.00434085
        1046    -4.98437    -5.04575   0.0043371
        1047    -4.99968     -5.0457  0.00433318
        1048    -5.01453    -5.04567  0.00432915
        1049    -5.02911    -5.04566  0.00432505
        1050     -5.0417    -5.04565  0.00432093
        1051    -5.05168    -5.04566  0.00431682
        1052    -5.05901    -5.04567  0.00431274
        1053    -5.06388    -5.04569  0.00430868
        1054    -5.06835    -5.04571  0.00430464
        1055    -5.07421    -5.04574  0.00430065
        1056    -5.08178    -5.04577  0.00429671
        1057    -5.09017    -5.04581  0.00429285
        1058    -5.09765    -5.04586  0.00428907
        1059    -5.09898    -5.04591  0.00428532
        1060    -5.09524    -5.04596  0.00428153
        1061    -5.08911      -5.046  0.00427768
        1062    -5.08056    -5.04603  0.00427378
        1063    -5.07281    -5.04606  0.00426983
        1064    -5.06841    -5.04608  0.00426587
        1065    -5.06766     -5.0461  0.00426191
        1066     -5.0721    -5.04612  0.00425799
        1067    -5.08193    -5.04616  0.00425413
        1068    -5.09467     -5.0462  0.00425039
        1069    -5.10996    -5.04626  0.00424683
        1070    -5.12446    -5.04634  0.00424349
        1071    -5.13427    -5.04642  0.00424032
        1072    -5.13628     -5.0465  0.00423719
        1073    -5.12778    -5.04658  0.00423392
        1074    -5.10908    -5.04664  0.00423038
        1075    -5.08227    -5.04667  0.00422657
        1076    -5.05149    -5.04667  0.00422265
        1077    -5.02469    -5.04665  0.00421878
        1078    -5.00902    -5.04662  0.00421501
        1079    -5.01006    -5.04658  0.00421124
        1080    -5.02629    -5.04656  0.00420738
        1081    -5.05299    -5.04657  0.00420349
        1082    -5.08655    -5.04661  0.00419977
        1083    -5.11886    -5.04667  0.00419642
        1084    -5.14379    -5.04676  0.00419351
        1085    -5.15677    -5.04687  0.00419087
        1086    -5.15636    -5.04697  0.00418822
        1087    -5.14229    -5.04705  0.00418529
        1088    -5.11721    -5.04712  0.00418194
        1089     -5.0836    -5.04715  0.00417823
        1090    -5.04818    -5.04715   0.0041744
        1091    -5.01589    -5.04712  0.00417067
        1092    -4.99331    -5.04707  0.00416714
        1093    -4.98507    -5.04702  0.00416372
        1094    -4.99054    -5.04697  0.00416023
        1095    -5.00854    -5.04693  0.00415658
        1096     -5.0348    -5.04692   0.0041528
        1097    -5.06405    -5.04694  0.00414904
        1098    -5.09157    -5.04698  0.00414546
        1099    -5.11405    -5.04704  0.00414214
        1100    -5.12867    -5.04711  0.00413904
        1101    -5.13343    -5.04719  0.00413602
        1102    -5.12644    -5.04726   0.0041329
        1103    -5.11092    -5.04732  0.00412955
        1104    -5.08915    -5.04736  0.00412598
        1105    -5.06361    -5.04737  0.00412228
        1106    -5.03893    -5.04736  0.00411856
        1107    -5.01663    -5.04734  0.00411493
        1108     -4.9987    -5.04729  0.00411145
        1109    -4.98619    -5.04724  0.00410811
        1110    -4.97728    -5.04718  0.00410489
        1111     -4.9731    -5.04711  0.00410174
        1112    -4.97115    -5.04704  0.00409862
        1113    -4.97132    -5.04697   0.0040955
        1114    -4.97223     -5.0469  0.00409238
        1115    -4.97516    -5.04684  0.00408921
        1116    -4.98187    -5.04678  0.00408596
        1117    -4.99492    -5.04674  0.00408257
        1118    -5.01147     -5.0467  0.00407904
        1119    -5.02829    -5.04669  0.00407543
        1120    -5.04375    -5.04669  0.00407179
        1121    -5.05427    -5.04669  0.00406816
        1122    -5.05889     -5.0467  0.00406455
        1123    -5.05687    -5.04671  0.00406094
        1124    -5.05312    -5.04672  0.00405733
        1125    -5.05059    -5.04672  0.00405373
        1126    -5.05188    -5.04673  0.00405013
        1127    -5.05881    -5.04674  0.00404655
        1128    -5.07037    -5.04676  0.00404302
        1129    -5.08254    -5.04679  0.00403956
        1130    -5.09169    -5.04683  0.00403618
        1131    -5.09369    -5.04687  0.00403282
        1132    -5.08546     -5.0469  0.00402941
        1133    -5.06882    -5.04692   0.0040259
        1134    -5.04608    -5.04692  0.00402235
        1135    -5.02193     -5.0469  0.00401886
        1136    -5.00168    -5.04686  0.00401552
        1137    -4.98865    -5.04681  0.00401232
        1138    -4.98405    -5.04675  0.00400917
        1139    -4.98644     -5.0467    0.004006
        1140    -4.99047    -5.04665  0.00400279
        1141    -4.99359    -5.04661  0.00399955
        1142    -4.99468    -5.04656  0.00399631
        1143    -4.99631    -5.04652  0.00399305
        1144    -4.99859    -5.04647  0.00398978
        1145    -5.00283    -5.04644  0.00398648
        1146     -5.0105    -5.04641  0.00398312
        1147    -5.02097    -5.04638  0.00397971
        1148    -5.03216    -5.04637  0.00397627
        1149    -5.04392    -5.04637  0.00397281
        1150     -5.0534    -5.04637  0.00396936
        1151    -5.06146    -5.04639  0.00396593
        1152    -5.06455     -5.0464  0.00396252
        1153    -5.06357    -5.04642  0.00395911
        1154    -5.05979    -5.04643   0.0039557
        1155    -5.05258    -5.04644  0.00395227
        1156    -5.04345    -5.04643  0.00394886
        1157    -5.03256    -5.04642  0.00394546
        1158    -5.02033     -5.0464  0.00394212
        1159    -5.00793    -5.04637  0.00393886
        1160    -4.99798    -5.04632  0.00393568
        1161    -4.99187    -5.04628  0.00393257
        1162    -4.99156    -5.04623  0.00392947
        1163    -4.99644    -5.04619  0.00392632
        1164    -5.00671    -5.04615   0.0039231
        1165    -5.01981    -5.04613   0.0039198
        1166    -5.03189    -5.04612  0.00391645
        1167    -5.04255    -5.04611   0.0039131
        1168    -5.04847    -5.04612  0.00390975
        1169    -5.05109    -5.04612  0.00390641
        1170    -5.04963    -5.04612  0.00390307
        1171    -5.04467    -5.04612  0.00389974
        1172     -5.0379    -5.04612  0.00389641
        1173     -5.0313     -5.0461  0.00389311
        1174    -5.02482    -5.04608  0.00388984
        1175    -5.02051    -5.04606  0.00388659
        1176     -5.0183    -5.04604  0.00388336
        1177    -5.01996    -5.04602  0.00388012
        1178    -5.02431      -5.046  0.00387687
        1179     -5.0317    -5.04599   0.0038736
        1180    -5.04111    -5.04598  0.00387032
        1181     -5.0506    -5.04599  0.00386704
        1182    -5.06269      -5.046   0.0038638
        1183    -5.07455    -5.04602  0.00386061
        1184    -5.08301    -5.04606  0.00385747
        1185    -5.08711    -5.04609  0.00385437
        1186     -5.0841    -5.04612  0.00385126
        1187    -5.07456    -5.04615  0.00384809
        1188    -5.05894    -5.04616  0.00384486
        1189    -5.04062    -5.04615  0.00384163
        1190     -5.0242    -5.04613  0.00383845
        1191    -5.01334    -5.04611  0.00383532
        1192    -5.00866    -5.04608  0.00383224
        1193    -5.00834    -5.04604  0.00382915
        1194    -5.01027    -5.04601  0.00382606
        1195     -5.0129    -5.04599  0.00382296
        1196    -5.01443    -5.04596  0.00381986
        1197    -5.01734    -5.04594  0.00381674
        1198     -5.0192    -5.04591  0.00381362
        1199    -5.02192    -5.04589  0.00381049
        1200     -5.0244    -5.04588  0.00380736
        1201    -5.02493    -5.04586  0.00380423
        1202    -5.02237    -5.04584  0.00380111
        1203    -5.01624    -5.04581  0.00379803
        1204    -5.00594    -5.04578  0.00379502
        1205    -4.99213    -5.04574  0.00379214
        1206    -4.97446    -5.04568  0.00378945
        1207    -4.95595     -5.0456  0.00378704
        1208    -4.93962    -5.04552  0.00378492
        1209    -4.92788    -5.04542  0.00378304
        1210    -4.92304    -5.04532  0.00378127
        1211    -4.92533    -5.04522  0.00377944
        1212    -4.93334    -5.04513  0.00377745
        1213    -4.94458    -5.04504  0.00377525
        1214    -4.95716    -5.04497  0.00377283
        1215    -4.96995    -5.04491  0.00377023
        1216    -4.98113    -5.04486   0.0037675
        1217    -4.98966    -5.04481  0.00376467
        1218    -4.99537    -5.04477   0.0037618
        1219    -4.99948    -5.04473   0.0037589
        1220    -5.00277     -5.0447  0.00375597
        1221    -5.00551    -5.04467  0.00375304
        1222    -5.00838    -5.04464  0.00375008
        1223    -5.01151    -5.04461  0.00374711
        1224    -5.01679    -5.04459  0.00374412
        1225    -5.02234    -5.04457  0.00374111
        1226    -5.02909    -5.04456  0.00373808
        1227    -5.03618    -5.04455  0.00373504
        1228    -5.04442    -5.04455    0.003732
        1229     -5.0519    -5.04456  0.00372896
        1230    -5.05649    -5.04456  0.00372595
        1231    -5.05845    -5.04458  0.00372294
        1232    -5.05919    -5.04459  0.00371993
        1233    -5.05842     -5.0446  0.00371693
        1234    -5.05728    -5.04461  0.00371393
        1235    -5.05581    -5.04462  0.00371094
        1236    -5.05415    -5.04463  0.00370794
        1237    -5.05332    -5.04463  0.00370495
        1238     -5.0515    -5.04464  0.00370196
        1239    -5.04846    -5.04464  0.00369898
        1240    -5.04231    -5.04464    0.003696
        1241     -5.0313    -5.04463  0.00369303
        1242    -5.01508    -5.04461  0.00369014
        1243    -4.99338    -5.04456   0.0036874
        1244    -4.96649     -5.0445  0.00368497
        1245    -4.93838    -5.04442  0.00368299
        1246    -4.91447    -5.04431  0.00368151
        1247    -4.90031     -5.0442  0.00368037
        1248    -4.89813    -5.04408  0.00367928
        1249    -4.90629    -5.04397  0.00367799
        1250    -4.92291    -5.04387  0.00367632
        1251    -4.94343    -5.04379  0.00367426
        1252    -4.96601    -5.04373  0.00367185
        1253    -4.98825    -5.04369  0.00366919
        1254    -5.00838    -5.04366  0.00366637
        1255    -5.02412    -5.04364  0.00366348
        1256    -5.03482    -5.04363  0.00366057
        1257    -5.03985    -5.04363  0.00365766
        1258     -5.0407    -5.04363  0.00365475
        1259    -5.03948    -5.04363  0.00365185
        1260    -5.03683    -5.04362  0.00364896
        1261    -5.03646    -5.04362  0.00364607
        1262    -5.03958    -5.04361  0.00364318
        1263    -5.04859    -5.04362   0.0036403
        1264    -5.06415    -5.04363  0.00363746
        1265    -5.08367    -5.04366  0.00363472
        1266    -5.10261    -5.04371  0.00363215
        1267    -5.11628    -5.04377  0.00362973
        1268    -5.12137    -5.04383  0.00362738
        1269    -5.11824    -5.04389    0.003625
        1270    -5.11223    -5.04394  0.00362254
        1271    -5.11003    -5.04399  0.00362007
        1272    -5.11616    -5.04405  0.00361767
        1273    -5.12671    -5.04411  0.00361541
        1274    -5.13628    -5.04419  0.00361329
        1275    -5.14053    -5.04426  0.00361125
        1276    -5.13771    -5.04434  0.00360916
        1277    -5.12913     -5.0444  0.00360695
        1278    -5.11681    -5.04446  0.00360457
        1279    -5.10365    -5.04451  0.00360205
        1280    -5.09163    -5.04454  0.00359942
        1281    -5.08481    -5.04457  0.00359675
        1282    -5.08449     -5.0446  0.00359408
        1283    -5.08863    -5.04464  0.00359144
        1284    -5.09539    -5.04468  0.00358886
        1285    -5.10132    -5.04472  0.00358634
        1286    -5.10451    -5.04477  0.00358385
        1287    -5.10462    -5.04482  0.00358137
        1288    -5.10214    -5.04486  0.00357886
        1289    -5.09807     -5.0449  0.00357633
        1290    -5.09496    -5.04494  0.00357376
        1291    -5.09344    -5.04498  0.00357119
        1292     -5.0909    -5.04501  0.00356861
        1293    -5.08403    -5.04504  0.00356597
        1294    -5.07292    -5.04507  0.00356328
        1295    -5.05983    -5.04508  0.00356055
        1296    -5.04658    -5.04508   0.0035578
        1297    -5.03639    -5.04507  0.00355507
        1298    -5.03267    -5.04506  0.00355234
        1299    -5.03516    -5.04505  0.00354961
        1300     -5.0406    -5.04505  0.00354688
        1301    -5.04697    -5.04505  0.00354416
        1302     -5.0514    -5.04506  0.00354144
        1303      -5.052    -5.04506  0.00353873
        1304    -5.04928    -5.04507  0.00353601
        1305    -5.04172    -5.04506   0.0035333
        1306    -5.03052    -5.04505  0.00353062
        1307    -5.01862    -5.04503  0.00352797
        1308     -5.0079      -5.045  0.00352539
        1309    -5.00162    -5.04497  0.00352285
        1310    -5.00336    -5.04494  0.00352031
        1311    -5.01568    -5.04492  0.00351769
        1312    -5.03832    -5.04491  0.00351501
        1313    -5.06719    -5.04493  0.00351238
        1314     -5.0982    -5.04497  0.00350994
        1315    -5.12909    -5.04503  0.00350785
        1316    -5.15442    -5.04512  0.00350617
        1317    -5.17136    -5.04521  0.00350482
        1318    -5.18018    -5.04531  0.00350366
        1319     -5.1802    -5.04542  0.00350249
        1320    -5.17131    -5.04551  0.00350114
        1321    -5.15223    -5.04559  0.00349942
        1322    -5.12539    -5.04565  0.00349729
        1323    -5.09142    -5.04569  0.00349482
        1324    -5.05403    -5.04569  0.00349219
        1325    -5.01796    -5.04567  0.00348961
        1326    -4.98903    -5.04563  0.00348724
        1327    -4.97168    -5.04557  0.00348506
        1328    -4.96821    -5.04552  0.00348292
        1329    -4.97684    -5.04546  0.00348069
        1330    -4.99406    -5.04543  0.00347828
        1331    -5.01385     -5.0454  0.00347575
        1332    -5.03179    -5.04539  0.00347316
        1333     -5.0446    -5.04539  0.00347055
        1334    -5.05295     -5.0454  0.00346795
        1335     -5.0551     -5.0454  0.00346536
        1336    -5.04963    -5.04541  0.00346277
        1337    -5.03521     -5.0454  0.00346019
        1338    -5.01327    -5.04538  0.00345769
        1339    -4.98423    -5.04533  0.00345541
        1340     -4.9513    -5.04526  0.00345354
        1341     -4.9195    -5.04517  0.00345224
        1342    -4.89587    -5.04505  0.00345146
        1343    -4.88748    -5.04494  0.00345088
        1344    -4.89576    -5.04483   0.0034501
        1345    -4.92024    -5.04473  0.00344878
        1346    -4.95339    -5.04467  0.00344688
        1347     -4.9904    -5.04463  0.00344456
        1348    -5.02261    -5.04461  0.00344204
        1349    -5.04511    -5.04461  0.00343949
        1350    -5.05716    -5.04462  0.00343695
        1351    -5.05952    -5.04463  0.00343443
        1352    -5.05526    -5.04464   0.0034319
        1353    -5.04555    -5.04464  0.00342936
        1354    -5.03093    -5.04463  0.00342684
        1355    -5.01395    -5.04461  0.00342439
        1356    -4.99618    -5.04457  0.00342205
        1357    -4.98031    -5.04452  0.00341986
        1358    -4.96934    -5.04447  0.00341779
        1359     -4.9625    -5.04441   0.0034158
        1360    -4.95801    -5.04434  0.00341388
        1361    -4.95509    -5.04428    0.003412
        1362    -4.95394    -5.04421  0.00341014
        1363    -4.95577    -5.04415  0.00340826
        1364    -4.96271    -5.04409  0.00340628
        1365    -4.97745    -5.04404  0.00340414
        1366    -5.00194    -5.04401  0.00340178
        1367    -5.03489      -5.044   0.0033993
        1368    -5.07547    -5.04402  0.00339689
        1369     -5.1149    -5.04408  0.00339481
        1370    -5.15014    -5.04415  0.00339321
        1371     -5.1784    -5.04425  0.00339215
        1372    -5.19523    -5.04436  0.00339146
        1373    -5.20279    -5.04448  0.00339095
        1374      -5.201    -5.04459   0.0033904
        1375    -5.18988     -5.0447  0.00338958
        1376    -5.17284    -5.04479   0.0033884
        1377    -5.15102    -5.04487  0.00338681
        1378    -5.12792    -5.04493  0.00338489
        1379    -5.10486    -5.04497  0.00338272
        1380    -5.08446      -5.045  0.00338039
        1381    -5.06581    -5.04501  0.00337797
        1382    -5.04974    -5.04502  0.00337553
        1383    -5.03796    -5.04501  0.00337309
        1384    -5.03085      -5.045  0.00337067
        1385    -5.02934    -5.04499  0.00336826
        1386    -5.03183    -5.04498  0.00336584
        1387    -5.03861    -5.04498  0.00336342
        1388     -5.0505    -5.04498  0.00336099
        1389    -5.06529    -5.04499  0.00335861
        1390    -5.08185    -5.04502  0.00335629
        1391    -5.09546    -5.04506  0.00335408
        1392    -5.10447     -5.0451  0.00335194
        1393    -5.10859    -5.04515  0.00334984
        1394    -5.10571    -5.04519  0.00334772
        1395    -5.09666    -5.04523  0.00334553
        1396     -5.0845    -5.04525  0.00334325
        1397    -5.07091    -5.04527   0.0033409
        1398    -5.05814    -5.04528  0.00333853
        1399      -5.047    -5.04528  0.00333614
        1400    -5.03872    -5.04528  0.00333376
        1401    -5.03375    -5.04527  0.00333139
        1402    -5.03423    -5.04526  0.00332903
        1403    -5.04033    -5.04526  0.00332665
        1404    -5.05365    -5.04526  0.00332429
        1405     -5.0732    -5.04528  0.00332198
        1406    -5.09636    -5.04532  0.00331982
        1407    -5.11992    -5.04537  0.00331788
        1408    -5.14155    -5.04544  0.00331623
        1409    -5.15697    -5.04552  0.00331482
        1410    -5.16421    -5.04561  0.00331354
        1411    -5.16243    -5.04569  0.00331222
        1412    -5.15226    -5.04576  0.00331074
        1413    -5.13472    -5.04583  0.00330899
        1414    -5.11262    -5.04587  0.00330699
        1415    -5.08852     -5.0459  0.00330479
        1416    -5.06481    -5.04592  0.00330248
        1417    -5.04526    -5.04592  0.00330015
        1418    -5.02959    -5.04591  0.00329785
        1419    -5.01632    -5.04588  0.00329559
        1420    -5.00451    -5.04586   0.0032934
        1421    -4.99173    -5.04582   0.0032913
        1422    -4.97792    -5.04577  0.00328933
        1423    -4.96569    -5.04571   0.0032875
        1424    -4.95678    -5.04565  0.00328579
        1425    -4.95555    -5.04559  0.00328409
        1426    -4.96437    -5.04553  0.00328228
        1427    -4.98266    -5.04549  0.00328027
        1428    -5.00598    -5.04546  0.00327809
        1429     -5.0301    -5.04545  0.00327582
        1430    -5.05026    -5.04545  0.00327353
        1431    -5.06551    -5.04547  0.00327127
        1432    -5.07638    -5.04549  0.00326906
        1433    -5.08303    -5.04551  0.00326688
        1434    -5.08753    -5.04554  0.00326473
        1435    -5.09002    -5.04557  0.00326261
        1436    -5.09038     -5.0456  0.00326048
        1437    -5.08831    -5.04563  0.00325835
        1438    -5.08346    -5.04566  0.00325619
        1439    -5.07557    -5.04568  0.00325399
        1440    -5.06565     -5.0457  0.00325176
        1441    -5.05121     -5.0457  0.00324951
        1442    -5.03241    -5.04569  0.00324727
        1443    -5.01113    -5.04567  0.00324511
        1444    -4.98874    -5.04563   0.0032431
        1445    -4.96628    -5.04557  0.00324132
        1446    -4.94555     -5.0455  0.00323982
        1447    -4.92462    -5.04542  0.00323865
        1448      -4.904    -5.04532  0.00323789
        1449    -4.88545    -5.04521  0.00323753
        1450    -4.86963    -5.04509  0.00323757
        1451    -4.86201    -5.04496  0.00323779
        1452    -4.86443    -5.04484  0.00323795
        1453    -4.87947    -5.04473  0.00323772
        1454    -4.90478    -5.04463  0.00323692
        1455    -4.93818    -5.04456  0.00323553
        1456     -4.9729    -5.04451  0.00323368
        1457    -5.00268    -5.04448  0.00323159
        1458    -5.02434    -5.04446   0.0032294
        1459    -5.03739    -5.04446  0.00322719
        1460    -5.03797    -5.04446  0.00322498
        1461    -5.02822    -5.04444  0.00322279
        1462    -5.01162    -5.04442  0.00322067
        1463    -4.99171    -5.04439  0.00321867
        1464    -4.96968    -5.04433  0.00321687
        1465    -4.94816    -5.04427  0.00321535
        1466    -4.92942    -5.04419  0.00321411
        1467    -4.91868    -5.04411  0.00321306
        1468    -4.91522    -5.04402  0.00321207
        1469    -4.91869    -5.04393  0.00321101
        1470    -4.92675    -5.04385  0.00320982
        1471    -4.93617    -5.04378  0.00320847
        1472    -4.94706    -5.04371  0.00320696
        1473    -4.95648    -5.04365  0.00320533
        1474    -4.96434     -5.0436  0.00320361
        1475    -4.97044    -5.04355  0.00320182
        1476     -4.9756     -5.0435  0.00319998
        1477    -4.98226    -5.04346  0.00319808
        1478    -4.98976    -5.04343  0.00319613
        1479    -4.99593    -5.04339  0.00319413
        1480    -4.99995    -5.04337   0.0031921
        1481     -4.9996    -5.04334  0.00319009
        1482    -4.99471     -5.0433   0.0031881
        1483    -4.98855    -5.04327  0.00318617
        1484     -4.9834    -5.04323  0.00318427
        1485    -4.98048    -5.04318  0.00318241
        1486    -4.98118    -5.04314  0.00318054
        1487    -4.98735     -5.0431  0.00317862
        1488    -4.99664    -5.04307  0.00317664
        1489    -5.00921    -5.04305  0.00317459
        1490    -5.02213    -5.04304  0.00317249
        1491     -5.0331    -5.04303  0.00317037
        1492    -5.04269    -5.04303  0.00316824
        1493     -5.0493    -5.04303  0.00316613
        1494    -5.05337    -5.04304  0.00316401
        1495    -5.05309    -5.04305   0.0031619
        1496    -5.04843    -5.04305  0.00315979
        1497     -5.0385    -5.04305  0.00315768
        1498    -5.02282    -5.04303   0.0031556
        1499    -5.00194    -5.04301  0.00315362
        1500    -4.97744    -5.04296  0.00315182
