           1    -3.39447    -3.39447           0
           2    -3.39391    -3.39419 0.000198769
           3    -3.39321    -3.39386 0.000298544
           4    -3.39165    -3.39331 0.000528509
           5    -3.38784    -3.39222  0.00106689
           6    -3.38281    -3.39065   0.0016855
           7    -3.37687    -3.38868  0.00232592
           8    -3.37229    -3.38663  0.00279519
           9    -3.36787    -3.38455  0.00316818
          10    -3.36434    -3.38253   0.0034359
          11    -3.36232    -3.38069  0.00358099
          12    -3.36124    -3.37907  0.00363072
          13    -3.36062    -3.37765  0.00361813
          14    -3.36132    -3.37648  0.00354274
          15    -3.36279    -3.37557  0.00342211
          16    -3.36501    -3.37491  0.00327123
          17    -3.36748    -3.37447  0.00310785
          18    -3.37142     -3.3743  0.00293982
          19    -3.37527    -3.37435  0.00278553
          20    -3.37819    -3.37455  0.00265285
          21    -3.38104    -3.37486  0.00254449
          22    -3.38255    -3.37521  0.00245276
          23     -3.3833    -3.37556  0.00237122
          24    -3.38354    -3.37589  0.00229561
          25    -3.38308    -3.37618  0.00222171
          26    -3.38247    -3.37642  0.00214939
          27    -3.38323    -3.37667  0.00208454
          28    -3.38415    -3.37694  0.00202714
          29      -3.384    -3.37718  0.00197182
          30    -3.38419    -3.37742  0.00191987
          31    -3.38484    -3.37766  0.00187282
          32    -3.38376    -3.37785  0.00182398
          33    -3.38243    -3.37799    0.001774
          34    -3.38253    -3.37812  0.00172685
          35    -3.38238    -3.37824  0.00168181
          36    -3.38196    -3.37834  0.00163826
          37    -3.38133    -3.37842  0.00159596
          38    -3.38008    -3.37847  0.00155456
          39    -3.37823    -3.37846  0.00151471
          40    -3.37742    -3.37844  0.00147707
          41    -3.37587    -3.37837  0.00144237
          42    -3.37513     -3.3783  0.00141009
          43    -3.37765    -3.37828  0.00137738
          44     -3.3805    -3.37833    0.001347
          45    -3.38296    -3.37843  0.00132099
          46    -3.38332    -3.37854  0.00129653
          47    -3.38416    -3.37866  0.00127445
          48    -3.38397    -3.37877  0.00125269
          49    -3.38449    -3.37889  0.00123254
          50    -3.38571    -3.37902  0.00121543
          51    -3.38528    -3.37915  0.00119776
          52    -3.38502    -3.37926  0.00118005
          53    -3.38425    -3.37935  0.00116153
          54    -3.38321    -3.37943  0.00114221
          55    -3.38158    -3.37946  0.00112212
          56    -3.38043    -3.37948  0.00110221
          57    -3.38001    -3.37949  0.00108291
          58    -3.37908    -3.37948  0.00106427
          59      -3.379    -3.37948  0.00104626
          60    -3.38012    -3.37949  0.00102888
          61    -3.38069    -3.37951   0.0010122
          62    -3.38191    -3.37954 0.000996616
          63    -3.38342    -3.37961 0.000982697
          64    -3.38405    -3.37968 0.000969792
          65    -3.38453    -3.37975  0.00095774
          66     -3.3841    -3.37982 0.000945496
          67    -3.38309    -3.37986 0.000932643
          68    -3.38253     -3.3799 0.000919751
          69    -3.38184    -3.37993 0.000906848
          70    -3.37982    -3.37993 0.000893895
          71     -3.3781     -3.3799 0.000881676
          72    -3.37648    -3.37986 0.000870711
          73    -3.37619    -3.37981 0.000860233
          74    -3.37539    -3.37975 0.000850673
          75    -3.37482    -3.37968 0.000841868
          76    -3.37486    -3.37962 0.000833177
          77    -3.37563    -3.37957 0.000823963
          78    -3.37654    -3.37953 0.000814313
          79    -3.37708     -3.3795 0.000804593
          80    -3.37795    -3.37948 0.000794767
          81     -3.3791    -3.37947 0.000784969
          82    -3.37975    -3.37948 0.000775403
          83    -3.37896    -3.37947 0.000766086
          84      -3.379    -3.37946 0.000756986
          85    -3.37889    -3.37946  0.00074811
          86    -3.37846    -3.37945 0.000739501
          87    -3.37789    -3.37943 0.000731218
          88     -3.3775    -3.37941 0.000723238
          89    -3.37697    -3.37938 0.000715628
          90    -3.37647    -3.37935 0.000708404
          91    -3.37608    -3.37931 0.000701526
          92    -3.37561    -3.37927 0.000695053
          93    -3.37509    -3.37923 0.000689029
          94     -3.3733    -3.37916 0.000684575
          95    -3.37277     -3.3791 0.000680667
          96    -3.37274    -3.37903 0.000676784
          97    -3.37334    -3.37897 0.000672341
          98    -3.37385    -3.37892 0.000667507
          99    -3.37455    -3.37887 0.000662218
         100    -3.37608    -3.37885 0.000656186
         101     -3.3782    -3.37884 0.000649721
         102    -3.37898    -3.37884 0.000643352
         103    -3.37861    -3.37884  0.00063711
         104    -3.37956    -3.37885 0.000631022
         105    -3.37971    -3.37885 0.000625066
         106    -3.37909    -3.37886 0.000619173
         107     -3.3794    -3.37886 0.000613407
         108    -3.38003    -3.37887 0.000607823
         109    -3.37992    -3.37888 0.000602322
         110     -3.3798    -3.37889 0.000596904
         111     -3.3794    -3.37889 0.000591544
         112    -3.37836    -3.37889 0.000586282
         113    -3.37741    -3.37888  0.00058124
         114    -3.37673    -3.37886 0.000576445
         115    -3.37568    -3.37883 0.000572096
         116    -3.37527     -3.3788 0.000567988
         117    -3.37451    -3.37876 0.000564315
         118    -3.37418    -3.37872 0.000560867
         119    -3.37415    -3.37869 0.000557468
         120    -3.37462    -3.37865 0.000553853
         121    -3.37532    -3.37862 0.000549961
         122    -3.37613     -3.3786 0.000545833
         123    -3.37651    -3.37859  0.00054166
         124    -3.37669    -3.37857 0.000537509
         125    -3.37581    -3.37855 0.000533662
         126    -3.37558    -3.37853 0.000529946
         127    -3.37418    -3.37849 0.000526875
         128    -3.37302    -3.37845 0.000524493
         129    -3.37159     -3.3784 0.000523118
         130    -3.37087    -3.37834 0.000522287
         131    -3.37127    -3.37828 0.000521077
         132    -3.37185    -3.37824 0.000519403
         133    -3.37342     -3.3782  0.00051676
         134    -3.37546    -3.37818 0.000513309
         135     -3.3767    -3.37817 0.000509623
         136    -3.37748    -3.37816 0.000505901
         137    -3.37736    -3.37816 0.000502242
         138    -3.37797    -3.37816 0.000498605
         139    -3.37811    -3.37815 0.000495018
         140    -3.37802    -3.37815 0.000491483
         141    -3.37787    -3.37815 0.000488001
         142    -3.37701    -3.37814 0.000484631
         143     -3.3761    -3.37813 0.000481453
         144    -3.37555    -3.37811 0.000478442
         145    -3.37434    -3.37809 0.000475848
         146    -3.37309    -3.37805 0.000473817
         147    -3.37249    -3.37801   0.0004721
         148    -3.37161    -3.37797 0.000470889
         149    -3.37187    -3.37793 0.000469505
         150    -3.37232    -3.37789  0.00046786
         151    -3.37327    -3.37786 0.000465764
         152    -3.37427    -3.37784   0.0004633
         153    -3.37511    -3.37782 0.000460615
         154     -3.3757    -3.37781  0.00045783
         155    -3.37586    -3.37779 0.000455048
         156    -3.37697    -3.37779 0.000452161
         157    -3.37722    -3.37778 0.000449296
         158    -3.37723    -3.37778 0.000446466
         159    -3.37649    -3.37777 0.000443732
         160     -3.3753    -3.37776 0.000441229
         161    -3.37527    -3.37774 0.000438758
         162     -3.3754    -3.37773 0.000436288
         163    -3.37532    -3.37771 0.000433862
         164    -3.37569     -3.3777 0.000431392
         165    -3.37627    -3.37769 0.000428866
         166    -3.37638    -3.37768 0.000426355
         167    -3.37624    -3.37768  0.00042389
         168    -3.37677    -3.37767 0.000421401
         169     -3.3768    -3.37766 0.000418939
         170    -3.37642    -3.37766 0.000416539
         171    -3.37618    -3.37765 0.000414193
         172     -3.3765    -3.37764 0.000411839
         173    -3.37632    -3.37763 0.000409529
         174    -3.37673    -3.37763 0.000407208
         175    -3.37756    -3.37763 0.000404882
         176    -3.37749    -3.37763 0.000402582
         177    -3.37812    -3.37763 0.000400317
         178    -3.37808    -3.37763 0.000398076
         179    -3.37851    -3.37764 0.000395882
         180     -3.3782    -3.37764 0.000393695
         181    -3.37823    -3.37764 0.000391534
         182    -3.37904    -3.37765 0.000389458
         183    -3.37948    -3.37766 0.000387458
         184    -3.37973    -3.37767 0.000385516
         185    -3.37964    -3.37768 0.000383578
         186    -3.37944    -3.37769 0.000381632
         187    -3.37927     -3.3777 0.000379685
         188     -3.3781     -3.3777 0.000377671
         189    -3.37756     -3.3777 0.000375673
         190    -3.37732     -3.3777 0.000373702
         191    -3.37729     -3.3777 0.000371751
         192      -3.377     -3.3777 0.000369833
         193    -3.37737    -3.37769  0.00036792
         194    -3.37781    -3.37769 0.000366024
         195     -3.3788     -3.3777 0.000364191
         196     -3.3784     -3.3777 0.000362351
         197    -3.37802    -3.37771 0.000360515
         198    -3.37737     -3.3777 0.000358698
         199    -3.37731     -3.3777 0.000356901
         200    -3.37745     -3.3777 0.000355119
         201     -3.3789    -3.37771 0.000353402
         202    -3.37971    -3.37772 0.000351792
         203    -3.38019    -3.37773  0.00035027
         204    -3.38022    -3.37774 0.000348765
         205    -3.38015    -3.37775 0.000347261
         206    -3.37999    -3.37776 0.000345746
         207    -3.37947    -3.37777 0.000344174
         208    -3.37917    -3.37778 0.000342584
         209    -3.37939    -3.37779 0.000341032
         210    -3.37926    -3.37779  0.00033948
         211    -3.37911     -3.3778 0.000337928
         212    -3.37822     -3.3778  0.00033634
         213    -3.37812     -3.3778 0.000334764
         214    -3.37793     -3.3778 0.000333201
         215     -3.3779     -3.3778 0.000331651
         216    -3.37779     -3.3778 0.000330116
         217     -3.3783    -3.37781 0.000328602
         218    -3.37894    -3.37781 0.000327136
         219    -3.38006    -3.37782 0.000325804
         220    -3.38036    -3.37783 0.000324528
         221    -3.37985    -3.37784 0.000323187
         222     -3.3794    -3.37785 0.000321807
         223    -3.37884    -3.37785 0.000320395
         224    -3.37981    -3.37786 0.000319083
         225    -3.38051    -3.37787 0.000317881
         226    -3.38132    -3.37789  0.00031684
         227    -3.38187    -3.37791  0.00031593
         228    -3.38239    -3.37793 0.000315156
         229    -3.38335    -3.37795 0.000314667
         230    -3.38437    -3.37798 0.000314535
         231    -3.38436    -3.37801 0.000314386
         232    -3.38431    -3.37803 0.000314202
         233    -3.38388    -3.37806 0.000313854
         234    -3.38409    -3.37808  0.00031357
         235     -3.3837    -3.37811 0.000313144
         236    -3.38402    -3.37813 0.000312816
         237    -3.38431    -3.37816  0.00031258
         238    -3.38408    -3.37818 0.000312255
         239     -3.3834    -3.37821 0.000311709
         240    -3.38248    -3.37822 0.000310918
         241    -3.38182    -3.37824 0.000309987
         242    -3.38186    -3.37825 0.000309067
         243    -3.38161    -3.37827 0.000308104
         244    -3.38218    -3.37828 0.000307257
         245    -3.38327     -3.3783 0.000306676
         246    -3.38374    -3.37833 0.000306225
         247    -3.38351    -3.37835 0.000305703
         248    -3.38303    -3.37837 0.000305053
         249    -3.38336    -3.37839 0.000304487
         250    -3.38342    -3.37841 0.000303934
         251    -3.38372    -3.37843 0.000303458
         252    -3.38351    -3.37845 0.000302924
         253    -3.38319    -3.37847 0.000302306
         254    -3.38291    -3.37848 0.000301623
         255    -3.38186     -3.3785  0.00030073
         256    -3.38078    -3.37851 0.000299687
         257    -3.38003    -3.37851  0.00029858
         258    -3.37954    -3.37852 0.000297449
         259    -3.37948    -3.37852 0.000296324
         260    -3.38086    -3.37853 0.000295322
         261    -3.38145    -3.37854 0.000294402
         262    -3.38184    -3.37855 0.000293548
         263    -3.38193    -3.37856 0.000292713
         264    -3.38235    -3.37858 0.000291955
         265    -3.38192    -3.37859 0.000291126
         266    -3.38239    -3.37861 0.000290382
         267    -3.38144    -3.37862 0.000289489
         268     -3.3804    -3.37862 0.000288485
         269    -3.37982    -3.37863 0.000287447
         270    -3.37878    -3.37863 0.000286383
         271    -3.37809    -3.37863 0.000285333
         272    -3.37866    -3.37863 0.000284284
         273    -3.37852    -3.37863 0.000283243
         274    -3.37783    -3.37862 0.000282225
         275    -3.37767    -3.37862  0.00028122
         276    -3.37763    -3.37862 0.000280224
         277    -3.37769    -3.37861 0.000279232
         278    -3.37754    -3.37861 0.000278254
         279    -3.37814    -3.37861 0.000277262
         280    -3.37904    -3.37861 0.000276276
         281    -3.37972    -3.37861 0.000275321
         282    -3.38083    -3.37862 0.000274456
         283    -3.38169    -3.37863   0.0002737
         284    -3.38191    -3.37864 0.000272979
         285    -3.38214    -3.37865 0.000272296
         286     -3.3823    -3.37867 0.000271643
         287    -3.38206    -3.37868 0.000270953
         288     -3.3818    -3.37869 0.000270229
         289    -3.38076     -3.3787 0.000269389
         290       -3.38     -3.3787 0.000268497
         291    -3.37967    -3.37871 0.000267595
         292    -3.37943    -3.37871  0.00026669
         293    -3.37833    -3.37871 0.000265783
         294    -3.37838    -3.37871 0.000264882
         295    -3.37882    -3.37871 0.000263984
         296    -3.37932    -3.37871   0.0002631
         297    -3.38013    -3.37871 0.000262258
         298    -3.38054    -3.37872  0.00026145
         299    -3.38049    -3.37872 0.000260642
         300    -3.38076    -3.37873 0.000259862
         301    -3.38067    -3.37874 0.000259078
         302    -3.38066    -3.37874 0.000258298
         303    -3.37983    -3.37875 0.000257471
         304    -3.37934    -3.37875 0.000256631
         305    -3.37856    -3.37875  0.00025579
         306    -3.37797    -3.37875 0.000254967
         307    -3.37658    -3.37874 0.000254234
         308    -3.37677    -3.37873 0.000253489
         309     -3.3778    -3.37873 0.000252687
         310    -3.37769    -3.37873 0.000251894
         311    -3.37787    -3.37872 0.000251099
         312     -3.3784    -3.37872 0.000250297
         313    -3.37967    -3.37873 0.000249515
         314    -3.37981    -3.37873 0.000248745
         315     -3.3802    -3.37873 0.000247999
         316    -3.38009    -3.37874 0.000247251
         317    -3.37997    -3.37874 0.000246501
         318    -3.38061    -3.37875 0.000245796
         319    -3.37943    -3.37875 0.000245035
         320    -3.37845    -3.37875 0.000244271
         321    -3.37882    -3.37875  0.00024351
         322    -3.37908    -3.37875 0.000242756
         323    -3.37901    -3.37875 0.000242005
         324     -3.3789    -3.37875 0.000241259
         325    -3.37801    -3.37875 0.000240527
         326      -3.377    -3.37874 0.000239849
         327    -3.37623    -3.37874 0.000239239
         328    -3.37523    -3.37873 0.000238748
         329    -3.37437    -3.37871 0.000238389
         330     -3.3744     -3.3787 0.000238024
         331    -3.37465    -3.37869 0.000237619
         332     -3.3737    -3.37867 0.000237377
         333    -3.37272    -3.37865 0.000237337
         334     -3.3724    -3.37864 0.000237364
         335     -3.3732    -3.37862  0.00023721
         336    -3.37415    -3.37861 0.000236876
         337    -3.37599     -3.3786   0.0002363
         338    -3.37785     -3.3786 0.000235612
         339     -3.3794     -3.3786 0.000234928
         340    -3.37992     -3.3786 0.000234269
         341    -3.38035    -3.37861 0.000233638
         342    -3.37965    -3.37861 0.000232975
         343     -3.3791    -3.37861   0.0002323
         344    -3.37833    -3.37861 0.000231626
         345    -3.37838    -3.37861 0.000230956
         346    -3.37802    -3.37861 0.000230295
         347     -3.3771     -3.3786 0.000229672
         348    -3.37645     -3.3786 0.000229096
         349    -3.37604    -3.37859 0.000228557
         350    -3.37609    -3.37858 0.000228015
         351    -3.37659    -3.37858 0.000227437
         352    -3.37724    -3.37857 0.000226822
         353    -3.37756    -3.37857 0.000226198
         354    -3.37847    -3.37857 0.000225559
         355    -3.37845    -3.37857 0.000224924
         356    -3.37948    -3.37857 0.000224307
         357    -3.37976    -3.37858 0.000223703
         358    -3.37905    -3.37858 0.000223082
         359    -3.37904    -3.37858 0.000222464
         360    -3.37867    -3.37858 0.000221847
         361    -3.37876    -3.37858 0.000221233
         362    -3.37766    -3.37858 0.000220636
         363    -3.37692    -3.37857 0.000220076
         364     -3.3772    -3.37857 0.000219503
         365    -3.37887    -3.37857 0.000218903
         366     -3.3805    -3.37858 0.000218368
         367    -3.38045    -3.37858 0.000217833
         368    -3.38019    -3.37858 0.000217286
         369    -3.38046    -3.37859 0.000216756
         370     -3.3802    -3.37859 0.000216214
         371    -3.38021     -3.3786 0.000215675
         372     -3.3807     -3.3786 0.000215169
         373    -3.38005    -3.37861 0.000214627
         374    -3.37956    -3.37861 0.000214068
         375    -3.37928    -3.37861 0.000213505
         376    -3.37899    -3.37861 0.000212939
         377    -3.37878    -3.37861 0.000212375
         378    -3.37889    -3.37861 0.000211814
         379    -3.37941    -3.37862 0.000211266
         380    -3.37944    -3.37862 0.000210721
         381    -3.37923    -3.37862 0.000210174
         382    -3.37941    -3.37862 0.000209634
         383    -3.37994    -3.37863 0.000209115
         384    -3.38163    -3.37863 0.000208717
         385    -3.38196    -3.37864 0.000208354
         386    -3.38167    -3.37865 0.000207962
         387    -3.38099    -3.37866 0.000207513
         388    -3.38091    -3.37866 0.000207059
         389    -3.38133    -3.37867 0.000206641
         390    -3.38071    -3.37867 0.000206177
         391    -3.37998    -3.37868 0.000205677
         392    -3.37982    -3.37868 0.000205173
         393    -3.37944    -3.37868  0.00020466
         394    -3.37838    -3.37868 0.000204142
         395    -3.37816    -3.37868 0.000203629
         396    -3.37866    -3.37868 0.000203115
         397    -3.37873    -3.37868 0.000202603
         398    -3.37832    -3.37868 0.000202096
         399    -3.37837    -3.37868 0.000201591
         400    -3.37751    -3.37868 0.000201108
         401    -3.37677    -3.37867 0.000200663
         402     -3.3766    -3.37867  0.00020023
         403    -3.37669    -3.37866 0.000199793
         404    -3.37607    -3.37865 0.000199402
         405    -3.37667    -3.37865  0.00019897
         406    -3.37693    -3.37865 0.000198525
         407    -3.37603    -3.37864 0.000198141
         408      -3.376    -3.37863 0.000197761
         409    -3.37648    -3.37863 0.000197348
         410    -3.37728    -3.37862 0.000196894
         411    -3.37725    -3.37862 0.000196443
         412    -3.37682    -3.37862 0.000196015
         413    -3.37694    -3.37861 0.000195582
         414    -3.37708    -3.37861 0.000195145
         415    -3.37715    -3.37861 0.000194706
         416    -3.37746     -3.3786 0.000194258
         417    -3.37682     -3.3786 0.000193839
         418    -3.37594    -3.37859 0.000193479
         419    -3.37483    -3.37858 0.000193226
         420    -3.37407    -3.37857 0.000193064
         421     -3.3732    -3.37856 0.000193027
         422    -3.37314    -3.37855 0.000192996
         423    -3.37288    -3.37853 0.000193005
         424    -3.37368    -3.37852 0.000192888
         425     -3.3742    -3.37851 0.000192702
         426    -3.37458     -3.3785  0.00019247
         427    -3.37542    -3.37849 0.000192154
         428    -3.37575    -3.37849 0.000191812
         429    -3.37677    -3.37848 0.000191407
         430    -3.37803    -3.37848 0.000190965
         431    -3.37883    -3.37848 0.000190523
         432    -3.37965    -3.37849 0.000190101
         433    -3.37948    -3.37849 0.000189676
         434    -3.37867    -3.37849  0.00018924
         435    -3.37681    -3.37849 0.000188844
         436    -3.37703    -3.37848 0.000188441
         437    -3.37701    -3.37848  0.00018804
         438    -3.37719    -3.37848 0.000187634
         439    -3.37761    -3.37847 0.000187216
         440    -3.37794    -3.37847 0.000186795
         441    -3.37706    -3.37847 0.000186399
         442     -3.3768    -3.37847 0.000186015
         443    -3.37681    -3.37846 0.000185633
         444     -3.3775    -3.37846 0.000185227
         445    -3.37827    -3.37846 0.000184812
         446    -3.37854    -3.37846 0.000184397
         447    -3.37894    -3.37846 0.000183988
         448    -3.37897    -3.37846 0.000183581
         449    -3.37876    -3.37846 0.000183173
         450     -3.3791    -3.37846 0.000182772
         451    -3.37908    -3.37847 0.000182372
         452    -3.37872    -3.37847 0.000181969
         453    -3.37882    -3.37847 0.000181569
         454    -3.37859    -3.37847 0.000181169
         455    -3.37768    -3.37847 0.000180779
         456    -3.37804    -3.37846 0.000180385
         457    -3.37848    -3.37846 0.000179991
         458    -3.37878    -3.37847 0.000179599
         459    -3.37852    -3.37847 0.000179208
         460    -3.37771    -3.37846 0.000178826
         461    -3.37824    -3.37846 0.000178438
         462    -3.37808    -3.37846 0.000178054
         463    -3.37727    -3.37846 0.000177688
         464    -3.37708    -3.37846  0.00017733
         465    -3.37714    -3.37845 0.000176972
         466     -3.3785    -3.37845 0.000176592
         467    -3.37935    -3.37846 0.000176224
         468    -3.37942    -3.37846  0.00017586
         469    -3.37975    -3.37846 0.000175506
         470    -3.38003    -3.37846 0.000175165
         471    -3.37985    -3.37847 0.000174817
         472    -3.37978    -3.37847 0.000174469
         473     -3.3806    -3.37847 0.000174159
         474    -3.37995    -3.37848 0.000173819
         475    -3.37892    -3.37848 0.000173456
         476    -3.37735    -3.37848 0.000173107
         477    -3.37548    -3.37847 0.000172859
         478    -3.37504    -3.37846 0.000172645
         479    -3.37425    -3.37845 0.000172509
         480    -3.37334    -3.37844 0.000172478
         481    -3.37245    -3.37843 0.000172569
         482    -3.37237    -3.37842 0.000172669
         483    -3.37201     -3.3784  0.00017282
         484    -3.37247    -3.37839 0.000172898
         485    -3.37354    -3.37838 0.000172831
         486    -3.37472    -3.37838  0.00017264
         487    -3.37681    -3.37837 0.000172315
         488    -3.37747    -3.37837 0.000171972
         489    -3.37773    -3.37837 0.000171626
         490    -3.37744    -3.37837 0.000171286
         491    -3.37619    -3.37836 0.000170994
         492    -3.37678    -3.37836 0.000170677
         493    -3.37735    -3.37836 0.000170343
         494    -3.37739    -3.37836 0.000170009
         495    -3.37757    -3.37835 0.000169673
         496    -3.37816    -3.37835 0.000169332
         497    -3.37729    -3.37835 0.000169004
         498    -3.37624    -3.37835 0.000168718
         499    -3.37574    -3.37834 0.000168461
         500    -3.37541    -3.37834 0.000168226
         501    -3.37458    -3.37833 0.000168057
         502    -3.37395    -3.37832 0.000167949
         503    -3.37376    -3.37831 0.000167859
         504    -3.37362     -3.3783 0.000167784
         505    -3.37391    -3.37829 0.000167677
         506    -3.37452    -3.37828 0.000167512
         507    -3.37591    -3.37828 0.000167247
         508    -3.37663    -3.37828 0.000166949
         509     -3.3783    -3.37828 0.000166621
         510    -3.37939    -3.37828 0.000166309
         511    -3.37941    -3.37828 0.000165998
         512    -3.37902    -3.37828  0.00016568
         513     -3.3785    -3.37828 0.000165358
         514    -3.37778    -3.37828 0.000165039
         515    -3.37756    -3.37828 0.000164724
         516    -3.37742    -3.37828 0.000164414
         517    -3.37703    -3.37828 0.000164113
         518    -3.37649    -3.37827 0.000163833
         519    -3.37758    -3.37827 0.000163523
         520    -3.37746    -3.37827 0.000163216
         521    -3.37812    -3.37827 0.000162903
         522    -3.37835    -3.37827 0.000162591
         523    -3.37864    -3.37827 0.000162281
         524    -3.38012    -3.37827  0.00016201
         525    -3.38109    -3.37828  0.00016179
         526     -3.3812    -3.37829 0.000161578
         527    -3.38121    -3.37829 0.000161367
         528    -3.38105     -3.3783 0.000161146
         529    -3.38106     -3.3783 0.000160926
         530    -3.38029    -3.37831 0.000160666
         531    -3.38059    -3.37831 0.000160421
         532    -3.38006    -3.37831 0.000160153
         533    -3.37967    -3.37832 0.000159873
         534     -3.3787    -3.37832 0.000159575
         535    -3.37804    -3.37832 0.000159278
         536    -3.37708    -3.37831 0.000158998
         537    -3.37612    -3.37831 0.000158754
         538    -3.37547     -3.3783 0.000158547
         539    -3.37419     -3.3783 0.000158436
         540    -3.37283    -3.37829 0.000158466
         541    -3.37303    -3.37828  0.00015847
         542    -3.37366    -3.37827 0.000158407
         543    -3.37358    -3.37826  0.00015835
         544    -3.37356    -3.37825 0.000158295
         545    -3.37402    -3.37824 0.000158194
         546    -3.37548    -3.37824 0.000157985
         547    -3.37567    -3.37823 0.000157766
         548    -3.37628    -3.37823 0.000157518
         549    -3.37612    -3.37823 0.000157278
         550    -3.37567    -3.37822 0.000157061
         551    -3.37565    -3.37822 0.000156845
         552    -3.37545    -3.37821 0.000156641
         553    -3.37482    -3.37821 0.000156478
         554    -3.37443     -3.3782 0.000156343
         555    -3.37457    -3.37819 0.000156198
         556    -3.37453    -3.37819 0.000156056
         557    -3.37429    -3.37818 0.000155933
         558    -3.37476    -3.37817 0.000155773
         559    -3.37454    -3.37817  0.00015563
         560    -3.37365    -3.37816 0.000155562
         561    -3.37435    -3.37815 0.000155432
         562    -3.37481    -3.37814 0.000155269
         563    -3.37453    -3.37814 0.000155126
         564    -3.37354    -3.37813 0.000155064
         565    -3.37303    -3.37812 0.000155052
         566    -3.37318    -3.37811 0.000155024
         567    -3.37361     -3.3781 0.000154954
         568    -3.37289     -3.3781 0.000154952
         569    -3.37253    -3.37809 0.000154988
         570    -3.37302    -3.37808 0.000154971
         571     -3.3728    -3.37807 0.000154974
         572    -3.37339    -3.37806 0.000154919
         573    -3.37527    -3.37805 0.000154725
         574     -3.3761    -3.37805 0.000154493
         575    -3.37673    -3.37805 0.000154242
         576    -3.37678    -3.37805  0.00015399
         577    -3.37694    -3.37804 0.000153735
         578    -3.37509    -3.37804 0.000153554
         579    -3.37376    -3.37803 0.000153466
         580    -3.37335    -3.37802 0.000153414
         581     -3.3735    -3.37802 0.000153348
         582     -3.3738    -3.37801 0.000153255
         583    -3.37491      -3.378 0.000153085
         584    -3.37553      -3.378 0.000152881
         585    -3.37544      -3.378 0.000152682
         586    -3.37456    -3.37799 0.000152534
         587    -3.37476    -3.37798 0.000152373
         588    -3.37576    -3.37798 0.000152161
         589    -3.37588    -3.37798 0.000151945
         590    -3.37687    -3.37797 0.000151699
         591    -3.37635    -3.37797 0.000151467
         592     -3.3763    -3.37797 0.000151238
         593    -3.37666    -3.37797 0.000150999
         594    -3.37627    -3.37796 0.000150771
         595    -3.37562    -3.37796 0.000150569
         596    -3.37547    -3.37796 0.000150375
         597    -3.37559    -3.37795 0.000150175
         598    -3.37463    -3.37795 0.000150026
         599    -3.37482    -3.37794 0.000149867
         600    -3.37552    -3.37794 0.000149671
         601    -3.37742    -3.37794 0.000149425
         602     -3.3778    -3.37794 0.000149177
         603     -3.3782    -3.37794  0.00014893
         604    -3.37847    -3.37794 0.000148686
         605     -3.3779    -3.37794  0.00014844
         606    -3.37863    -3.37794   0.0001482
         607    -3.37941    -3.37794 0.000147975
         608    -3.37871    -3.37794 0.000147737
         609    -3.37826    -3.37794 0.000147496
         610    -3.37826    -3.37794 0.000147255
         611    -3.37839    -3.37794 0.000147016
         612    -3.37761    -3.37794 0.000146776
         613     -3.3776    -3.37794 0.000146538
         614    -3.37816    -3.37794   0.0001463
         615    -3.37902    -3.37794 0.000146073
         616    -3.37903    -3.37795 0.000145846
         617    -3.37926    -3.37795 0.000145625
         618    -3.37932    -3.37795 0.000145406
         619    -3.38001    -3.37795  0.00014521
         620    -3.38074    -3.37796 0.000145045
         621    -3.38013    -3.37796 0.000144853
         622    -3.37907    -3.37796 0.000144631
         623    -3.37884    -3.37797 0.000144406
         624    -3.37827    -3.37797 0.000144175
         625    -3.37821    -3.37797 0.000143945
         626    -3.37738    -3.37797 0.000143718
         627     -3.3763    -3.37796 0.000143514
         628    -3.37595    -3.37796 0.000143321
         629    -3.37647    -3.37796 0.000143113
         630    -3.37648    -3.37795 0.000142905
         631    -3.37699    -3.37795 0.000142686
         632    -3.37693    -3.37795  0.00014247
         633    -3.37677    -3.37795 0.000142257
         634    -3.37591    -3.37795 0.000142069
         635    -3.37647    -3.37794 0.000141864
         636    -3.37726    -3.37794 0.000141645
         637    -3.37802    -3.37794 0.000141423
         638    -3.37916    -3.37795 0.000141214
         639    -3.38052    -3.37795 0.000141051
         640    -3.38131    -3.37795 0.000140928
         641    -3.38216    -3.37796  0.00014086
         642    -3.38242    -3.37797 0.000140812
         643      -3.382    -3.37797 0.000140732
         644    -3.38084    -3.37798 0.000140584
         645    -3.37965    -3.37798  0.00014039
         646     -3.3787    -3.37798 0.000140177
         647    -3.37763    -3.37798 0.000139961
         648    -3.37831    -3.37798 0.000139746
         649    -3.37861    -3.37798 0.000139534
         650    -3.37883    -3.37798 0.000139326
         651    -3.37844    -3.37799 0.000139113
         652     -3.3785    -3.37799 0.000138902
         653    -3.37837    -3.37799 0.000138691
         654    -3.37735    -3.37799 0.000138482
         655    -3.37697    -3.37798 0.000138279
         656    -3.37607    -3.37798 0.000138099
         657    -3.37661    -3.37798 0.000137905
         658    -3.37765    -3.37798 0.000137696
         659    -3.37714    -3.37798 0.000137493
         660    -3.37833    -3.37798 0.000137286
         661    -3.37995    -3.37798 0.000137111
         662    -3.38012    -3.37798 0.000136941
         663    -3.37975    -3.37799 0.000136761
         664    -3.37828    -3.37799 0.000136555
         665    -3.37737    -3.37799 0.000136353
         666    -3.37744    -3.37799 0.000136151
         667    -3.37669    -3.37798 0.000135961
         668    -3.37598    -3.37798  0.00013579
         669    -3.37542    -3.37798 0.000135641
         670      -3.375    -3.37797 0.000135511
         671    -3.37511    -3.37797 0.000135376
         672    -3.37516    -3.37796  0.00013524
         673    -3.37562    -3.37796 0.000135084
         674    -3.37539    -3.37796 0.000134937
         675    -3.37555    -3.37795 0.000134784
         676    -3.37554    -3.37795 0.000134632
         677    -3.37524    -3.37795 0.000134492
         678    -3.37499    -3.37794 0.000134365
         679    -3.37494    -3.37794  0.00013424
         680    -3.37524    -3.37793 0.000134101
         681    -3.37462    -3.37793 0.000133992
         682    -3.37519    -3.37792 0.000133856
         683    -3.37632    -3.37792 0.000133681
         684    -3.37735    -3.37792 0.000133488
         685    -3.37811    -3.37792 0.000133293
         686    -3.37926    -3.37792 0.000133113
         687    -3.38005    -3.37793 0.000132955
         688     -3.3808    -3.37793 0.000132828
         689    -3.38083    -3.37793 0.000132702
         690    -3.38075    -3.37794 0.000132572
         691    -3.38073    -3.37794 0.000132442
         692    -3.38147    -3.37795 0.000132348
         693    -3.38157    -3.37795  0.00013226
         694    -3.38028    -3.37796 0.000132112
         695    -3.37957    -3.37796 0.000131943
         696     -3.3785    -3.37796 0.000131755
         697    -3.37806    -3.37796 0.000131566
         698    -3.37802    -3.37796 0.000131378
         699    -3.37817    -3.37796  0.00013119
         700    -3.37818    -3.37796 0.000131003
         701    -3.37707    -3.37796 0.000130823
         702    -3.37678    -3.37796 0.000130647
         703    -3.37622    -3.37795 0.000130485
         704    -3.37506    -3.37795 0.000130364
         705     -3.3748    -3.37795 0.000130256
         706    -3.37499    -3.37794 0.000130138
         707    -3.37563    -3.37794 0.000129995
         708    -3.37584    -3.37794 0.000129846
         709    -3.37612    -3.37793 0.000129688
         710     -3.3774    -3.37793 0.000129507
         711    -3.37786    -3.37793 0.000129325
         712    -3.37857    -3.37793 0.000129146
         713    -3.37866    -3.37793 0.000128969
         714    -3.37875    -3.37794 0.000128794
         715    -3.37793    -3.37794 0.000128614
         716    -3.37718    -3.37793 0.000128438
         717    -3.37659    -3.37793 0.000128273
         718    -3.37582    -3.37793 0.000128128
         719    -3.37538    -3.37793 0.000127999
         720    -3.37442    -3.37792 0.000127913
         721    -3.37481    -3.37792 0.000127809
         722     -3.3755    -3.37791 0.000127676
         723    -3.37585    -3.37791 0.000127531
         724    -3.37685    -3.37791 0.000127363
         725    -3.37884    -3.37791 0.000127194
         726    -3.38012    -3.37791 0.000127056
         727    -3.38141    -3.37792 0.000126972
         728    -3.38212    -3.37792 0.000126928
         729    -3.38236    -3.37793   0.0001269
         730    -3.38202    -3.37794  0.00012685
         731    -3.38062    -3.37794 0.000126729
         732    -3.37933    -3.37794 0.000126571
         733    -3.37869    -3.37794 0.000126402
         734    -3.37743    -3.37794 0.000126232
         735    -3.37692    -3.37794 0.000126068
         736    -3.37616    -3.37794  0.00012592
         737    -3.37582    -3.37793 0.000125781
         738    -3.37655    -3.37793 0.000125625
         739    -3.37818    -3.37793 0.000125455
         740    -3.37971    -3.37794 0.000125309
         741    -3.38027    -3.37794 0.000125179
         742    -3.38159    -3.37794 0.000125107
         743    -3.38201    -3.37795 0.000125058
         744    -3.38229    -3.37796 0.000125027
         745    -3.38176    -3.37796 0.000124963
         746    -3.38088    -3.37796 0.000124857
         747    -3.37996    -3.37797 0.000124718
         748    -3.37871    -3.37797 0.000124556
         749    -3.37852    -3.37797 0.000124391
         750    -3.37733    -3.37797 0.000124228
         751    -3.37689    -3.37797 0.000124071
         752    -3.37741    -3.37797 0.000123908
         753    -3.37743    -3.37796 0.000123746
         754    -3.37666    -3.37796 0.000123594
         755    -3.37642    -3.37796 0.000123447
         756    -3.37626    -3.37796 0.000123304
         757    -3.37652    -3.37796 0.000123156
         758    -3.37664    -3.37796 0.000123006
         759    -3.37797    -3.37796 0.000122844
         760    -3.37849    -3.37796 0.000122684
         761    -3.37914    -3.37796 0.000122533
         762    -3.38006    -3.37796 0.000122403
         763    -3.38045    -3.37796 0.000122286
         764    -3.38058    -3.37797 0.000122174
         765    -3.38141    -3.37797 0.000122097
         766    -3.38168    -3.37798 0.000122034
         767    -3.38149    -3.37798 0.000121961
         768    -3.38092    -3.37798 0.000121862
         769     -3.3814    -3.37799 0.000121785
         770    -3.38083    -3.37799 0.000121682
         771    -3.38024      -3.378 0.000121559
         772    -3.38017      -3.378 0.000121435
         773     -3.3806      -3.378 0.000121324
         774     -3.3797      -3.378 0.000121187
         775    -3.38038    -3.37801  0.00012107
         776    -3.38037    -3.37801 0.000120952
         777    -3.38003    -3.37801 0.000120824
         778    -3.37997    -3.37802 0.000120695
         779    -3.38056    -3.37802 0.000120584
         780    -3.38043    -3.37802 0.000120469
         781    -3.38027    -3.37802 0.000120349
         782    -3.37862    -3.37803 0.000120198
         783    -3.37891    -3.37803  0.00012005
         784     -3.3784    -3.37803 0.000119898
         785    -3.37841    -3.37803 0.000119746
         786    -3.37918    -3.37803 0.000119603
         787    -3.37945    -3.37803 0.000119464
         788    -3.37874    -3.37803 0.000119316
         789    -3.37891    -3.37803  0.00011917
         790    -3.37928    -3.37803 0.000119029
         791    -3.37924    -3.37804 0.000118889
         792    -3.37836    -3.37804 0.000118739
         793    -3.37757    -3.37804 0.000118591
         794    -3.37703    -3.37803 0.000118448
         795    -3.37644    -3.37803 0.000118316
         796    -3.37678    -3.37803 0.000118178
         797    -3.37737    -3.37803 0.000118033
         798    -3.37702    -3.37803 0.000117892
         799    -3.37682    -3.37803 0.000117754
         800     -3.3773    -3.37803  0.00011761
         801    -3.37701    -3.37802  0.00011747
         802    -3.37631    -3.37802 0.000117343
         803    -3.37654    -3.37802 0.000117212
         804    -3.37637    -3.37802 0.000117084
         805    -3.37636    -3.37802 0.000116957
         806    -3.37698    -3.37802 0.000116819
         807    -3.37761    -3.37802 0.000116675
         808    -3.37718    -3.37801 0.000116535
         809    -3.37703    -3.37801 0.000116397
         810    -3.37623    -3.37801 0.000116275
         811      -3.377    -3.37801 0.000116138
         812    -3.37648    -3.37801  0.00011601
         813     -3.3766    -3.37801 0.000115881
         814    -3.37711      -3.378 0.000115743
         815    -3.37692      -3.378 0.000115609
         816    -3.37676      -3.378 0.000115478
         817    -3.37702      -3.378 0.000115342
         818    -3.37675      -3.378 0.000115212
         819    -3.37553      -3.378  0.00011511
         820    -3.37466    -3.37799 0.000115042
         821    -3.37476    -3.37799 0.000114969
         822    -3.37484    -3.37798 0.000114893
         823    -3.37485    -3.37798 0.000114817
         824    -3.37377    -3.37798 0.000114791
         825    -3.37352    -3.37797 0.000114779
         826    -3.37366    -3.37796 0.000114758
         827    -3.37291    -3.37796 0.000114782
         828     -3.3723    -3.37795 0.000114847
         829    -3.37223    -3.37794 0.000114916
         830    -3.37297    -3.37794 0.000114933
         831    -3.37424    -3.37793 0.000114881
         832    -3.37584    -3.37793 0.000114771
         833    -3.37639    -3.37793 0.000114648
         834    -3.37612    -3.37793 0.000114531
         835    -3.37609    -3.37793 0.000114415
         836     -3.3766    -3.37792 0.000114289
         837    -3.37713    -3.37792 0.000114156
         838    -3.37653    -3.37792 0.000114032
         839    -3.37536    -3.37792 0.000113937
         840    -3.37524    -3.37792 0.000113846
         841    -3.37413    -3.37791   0.0001138
         842     -3.3738    -3.37791 0.000113769
         843    -3.37505     -3.3779 0.000113685
         844    -3.37563     -3.3779 0.000113582
         845    -3.37554     -3.3779 0.000113482
         846     -3.3753    -3.37789 0.000113389
         847    -3.37546    -3.37789 0.000113292
         848    -3.37515    -3.37789 0.000113205
         849    -3.37367    -3.37788  0.00011318
         850    -3.37397    -3.37788 0.000113141
         851    -3.37434    -3.37787 0.000113084
         852    -3.37472    -3.37787 0.000113012
         853    -3.37483    -3.37787 0.000112935
         854    -3.37517    -3.37786 0.000112847
         855    -3.37533    -3.37786 0.000112754
         856    -3.37582    -3.37786 0.000112648
         857    -3.37512    -3.37786 0.000112562
         858    -3.37462    -3.37785 0.000112493
         859    -3.37519    -3.37785 0.000112405
         860    -3.37549    -3.37785 0.000112308
         861    -3.37481    -3.37784 0.000112233
         862    -3.37476    -3.37784 0.000112159
         863    -3.37522    -3.37784  0.00011207
         864    -3.37626    -3.37783 0.000111955
         865     -3.3758    -3.37783 0.000111851
         866    -3.37577    -3.37783 0.000111747
         867    -3.37604    -3.37783 0.000111637
         868    -3.37593    -3.37782  0.00011153
         869     -3.3763    -3.37782 0.000111415
         870      -3.377    -3.37782 0.000111291
         871    -3.37775    -3.37782 0.000111163
         872    -3.37804    -3.37782 0.000111036
         873    -3.37875    -3.37782 0.000110914
         874    -3.37909    -3.37782 0.000110797
         875     -3.3798    -3.37783 0.000110693
         876    -3.37974    -3.37783 0.000110588
         877    -3.38014    -3.37783 0.000110494
         878    -3.38232    -3.37784 0.000110486
         879    -3.38215    -3.37784 0.000110469
         880    -3.38155    -3.37785 0.000110424
         881    -3.38081    -3.37785  0.00011035
         882    -3.37999    -3.37785 0.000110251
         883    -3.37953    -3.37785 0.000110143
         884    -3.37906    -3.37785 0.000110027
         885    -3.37929    -3.37786 0.000109914
         886    -3.37956    -3.37786 0.000109807
         887    -3.38007    -3.37786 0.000109711
         888    -3.37934    -3.37786   0.0001096
         889    -3.37952    -3.37786 0.000109493
         890     -3.3799    -3.37787 0.000109394
         891    -3.38152    -3.37787 0.000109348
         892    -3.38102    -3.37787 0.000109282
         893    -3.38052    -3.37788   0.0001092
         894     -3.3806    -3.37788  0.00010912
         895    -3.38103    -3.37788 0.000109055
         896    -3.38077    -3.37789  0.00010898
         897    -3.38049    -3.37789 0.000108898
         898    -3.38093    -3.37789 0.000108829
         899    -3.38183     -3.3779 0.000108796
         900    -3.38301     -3.3779 0.000108824
         901    -3.38255    -3.37791 0.000108825
         902    -3.38075    -3.37791  0.00010875
         903     -3.3799    -3.37791 0.000108652
         904    -3.37951    -3.37792 0.000108546
         905     -3.3805    -3.37792 0.000108464
         906    -3.38022    -3.37792 0.000108374
         907    -3.38032    -3.37792 0.000108287
         908    -3.38166    -3.37793 0.000108246
         909    -3.38221    -3.37793 0.000108229
         910    -3.38286    -3.37794 0.000108245
         911    -3.38288    -3.37794 0.000108262
         912    -3.38259    -3.37795 0.000108264
         913    -3.38261    -3.37795 0.000108265
         914    -3.38333    -3.37796 0.000108306
         915    -3.38289    -3.37796 0.000108322
         916    -3.38317    -3.37797 0.000108353
         917    -3.38313    -3.37798 0.000108381
         918    -3.38195    -3.37798 0.000108349
         919    -3.38116    -3.37798 0.000108286
         920    -3.38066    -3.37799 0.000108208
         921    -3.38065    -3.37799 0.000108129
         922    -3.38198    -3.37799 0.000108098
         923    -3.38241      -3.378 0.000108087
         924    -3.38228      -3.378 0.000108069
         925    -3.38151    -3.37801 0.000108019
         926    -3.38113    -3.37801 0.000107955
         927    -3.38059    -3.37801 0.000107875
         928    -3.38076    -3.37802 0.000107799
         929    -3.38059    -3.37802 0.000107718
         930    -3.38014    -3.37802 0.000107627
         931    -3.37978    -3.37802 0.000107528
         932    -3.37916    -3.37802 0.000107419
         933    -3.37881    -3.37803 0.000107308
         934    -3.37807    -3.37803 0.000107193
         935    -3.37667    -3.37802 0.000107088
         936    -3.37634    -3.37802 0.000106989
         937    -3.37642    -3.37802 0.000106888
         938    -3.37615    -3.37802 0.000106793
         939    -3.37614    -3.37802 0.000106698
         940    -3.37577    -3.37801 0.000106611
         941    -3.37526    -3.37801 0.000106538
         942    -3.37492    -3.37801 0.000106475
         943    -3.37572    -3.37801  0.00010639
         944    -3.37558      -3.378 0.000106309
         945     -3.3757      -3.378 0.000106224
         946    -3.37619      -3.378 0.000106129
         947    -3.37718      -3.378 0.000106021
         948    -3.37765      -3.378 0.000105909
         949    -3.37729      -3.378   0.0001058
         950    -3.37749      -3.378  0.00010569
         951    -3.37792      -3.378 0.000105579
         952    -3.37771      -3.378 0.000105469
         953    -3.37855      -3.378  0.00010536
         954    -3.37858      -3.378 0.000105251
         955    -3.37837      -3.378 0.000105142
         956    -3.37766      -3.378 0.000105032
         957    -3.37585    -3.37799 0.000104947
         958    -3.37466    -3.37799 0.000104895
         959    -3.37458    -3.37799 0.000104846
         960    -3.37547    -3.37799 0.000104769
         961    -3.37556    -3.37798  0.00010469
         962    -3.37578    -3.37798 0.000104607
         963    -3.37566    -3.37798 0.000104526
         964    -3.37585    -3.37798 0.000104441
         965    -3.37621    -3.37797 0.000104348
         966    -3.37685    -3.37797 0.000104247
         967    -3.37756    -3.37797  0.00010414
         968    -3.37835    -3.37797 0.000104033
         969    -3.37812    -3.37797 0.000103926
         970    -3.37781    -3.37797 0.000103819
         971    -3.37713    -3.37797 0.000103716
         972    -3.37682    -3.37797 0.000103616
         973    -3.37739    -3.37797 0.000103511
         974    -3.37747    -3.37797 0.000103406
         975    -3.37726    -3.37797 0.000103302
         976    -3.37831    -3.37797 0.000103197
         977    -3.37745    -3.37797 0.000103093
         978    -3.37673    -3.37797 0.000102995
         979    -3.37611    -3.37797 0.000102907
         980    -3.37559    -3.37796 0.000102831
         981    -3.37478    -3.37796 0.000102777
         982     -3.3743    -3.37796  0.00010274
         983     -3.3755    -3.37795 0.000102666
         984     -3.3763    -3.37795 0.000102575
         985    -3.37702    -3.37795 0.000102475
         986    -3.37709    -3.37795 0.000102375
         987    -3.37652    -3.37795 0.000102281
         988    -3.37544    -3.37795 0.000102209
         989    -3.37536    -3.37794 0.000102139
         990    -3.37678    -3.37794 0.000102043
         991     -3.3768    -3.37794 0.000101946
         992    -3.37732    -3.37794 0.000101846
         993    -3.37736    -3.37794 0.000101745
         994    -3.37769    -3.37794 0.000101643
         995    -3.37765    -3.37794 0.000101541
         996    -3.37741    -3.37794  0.00010144
         997    -3.37756    -3.37794 0.000101339
         998    -3.37764    -3.37794 0.000101238
         999     -3.3776    -3.37794 0.000101137
        1000    -3.37749    -3.37794 0.000101037
        1001    -3.37772    -3.37794 0.000100937
        1002    -3.37722    -3.37794 0.000100838
        1003    -3.37688    -3.37794 0.000100743
        1004    -3.37679    -3.37793  0.00010065
        1005    -3.37671    -3.37793 0.000100557
        1006    -3.37635    -3.37793 0.000100469
        1007    -3.37592    -3.37793 0.000100389
        1008     -3.3765    -3.37793   0.0001003
        1009    -3.37827    -3.37793 0.000100201
        1010    -3.37848    -3.37793 0.000100103
        1011    -3.37889    -3.37793 0.000100008
        1012    -3.37929    -3.37793 9.99186e-05
        1013    -3.37918    -3.37793 9.98275e-05
        1014    -3.38036    -3.37793 9.97578e-05
        1015    -3.38101    -3.37794 9.97053e-05
        1016    -3.38025    -3.37794 9.96333e-05
        1017    -3.37931    -3.37794 9.95444e-05
        1018    -3.37951    -3.37794 9.94585e-05
        1019    -3.37935    -3.37794 9.93705e-05
        1020    -3.37943    -3.37795 9.92838e-05
        1021    -3.38012    -3.37795 9.92094e-05
        1022    -3.38029    -3.37795 9.91388e-05
        1023    -3.38091    -3.37795 9.90843e-05
        1024    -3.38031    -3.37796 9.90142e-05
        1025    -3.37926    -3.37796 9.89258e-05
        1026    -3.37866    -3.37796 9.88318e-05
        1027    -3.37836    -3.37796 9.87363e-05
        1028    -3.37797    -3.37796 9.86403e-05
        1029    -3.37713    -3.37796 9.85477e-05
        1030    -3.37711    -3.37796 9.84554e-05
        1031    -3.37688    -3.37796 9.83654e-05
        1032    -3.37731    -3.37795 9.82721e-05
        1033    -3.37751    -3.37795 9.81779e-05
        1034    -3.37722    -3.37795 9.80855e-05
        1035    -3.37752    -3.37795 9.79916e-05
        1036    -3.37736    -3.37795 9.78987e-05
        1037    -3.37779    -3.37795 9.78044e-05
        1038    -3.37778    -3.37795 9.77103e-05
        1039    -3.37787    -3.37795 9.76163e-05
        1040    -3.37942    -3.37795 9.75326e-05
        1041    -3.38081    -3.37796 9.74775e-05
        1042    -3.38182    -3.37796 9.74544e-05
        1043    -3.38182    -3.37796 9.74313e-05
        1044    -3.38138    -3.37797  9.7393e-05
        1045    -3.38196    -3.37797 9.73746e-05
        1046    -3.38245    -3.37797 9.73755e-05
        1047    -3.38237    -3.37798 9.73728e-05
        1048     -3.3819    -3.37798 9.73518e-05
        1049    -3.38192    -3.37799 9.73313e-05
        1050    -3.38154    -3.37799 9.72974e-05
        1051    -3.38114    -3.37799  9.7251e-05
        1052    -3.38131      -3.378 9.72097e-05
        1053    -3.38162      -3.378 9.71781e-05
        1054      -3.382      -3.378 9.71598e-05
        1055    -3.38202    -3.37801 9.71422e-05
        1056    -3.38166    -3.37801 9.71117e-05
        1057     -3.3818    -3.37801 9.70862e-05
        1058     -3.3833    -3.37802  9.7123e-05
        1059    -3.38268    -3.37802 9.71308e-05
        1060    -3.38137    -3.37803 9.70906e-05
        1061    -3.38121    -3.37803 9.70455e-05
        1062    -3.38047    -3.37803 9.69813e-05
        1063    -3.38027    -3.37803 9.69129e-05
        1064    -3.38105    -3.37804 9.68632e-05
        1065    -3.38144    -3.37804 9.68249e-05
        1066    -3.38202    -3.37804  9.6806e-05
        1067    -3.38292    -3.37805  9.6823e-05
        1068    -3.38253    -3.37805 9.68231e-05
        1069    -3.38246    -3.37806 9.68204e-05
        1070    -3.38242    -3.37806 9.68156e-05
        1071    -3.38206    -3.37806 9.67972e-05
        1072    -3.38157    -3.37807 9.67622e-05
        1073    -3.38039    -3.37807 9.66962e-05
        1074    -3.37927    -3.37807 9.66126e-05
        1075    -3.37864    -3.37807 9.65242e-05
        1076    -3.37824    -3.37807 9.64346e-05
        1077    -3.37906    -3.37807 9.63495e-05
        1078     -3.3804    -3.37807 9.62842e-05
        1079    -3.38256    -3.37808 9.62848e-05
        1080     -3.3839    -3.37808 9.63461e-05
        1081    -3.38393    -3.37809 9.64089e-05
        1082    -3.38516     -3.3781 9.65408e-05
        1083    -3.38563     -3.3781 9.67021e-05
        1084    -3.38491    -3.37811 9.68163e-05
        1085    -3.38301    -3.37811 9.68322e-05
        1086    -3.38128    -3.37812 9.67868e-05
        1087    -3.38002    -3.37812 9.67136e-05
        1088    -3.37998    -3.37812 9.66399e-05
        1089     -3.3796    -3.37812 9.65607e-05
        1090    -3.38007    -3.37812 9.64886e-05
        1091    -3.38031    -3.37813  9.6421e-05
        1092    -3.38139    -3.37813 9.63792e-05
        1093    -3.38393    -3.37813  9.6437e-05
        1094    -3.38576    -3.37814 9.66002e-05
        1095    -3.38705    -3.37815 9.68538e-05
        1096    -3.38745    -3.37816 9.71364e-05
        1097    -3.38685    -3.37817 9.73705e-05
        1098    -3.38559    -3.37817 9.75165e-05
        1099    -3.38447    -3.37818 9.75962e-05
        1100     -3.3836    -3.37818  9.7632e-05
        1101    -3.38279    -3.37819 9.76329e-05
        1102    -3.38065    -3.37819   9.757e-05
        1103    -3.37943    -3.37819  9.7488e-05
        1104     -3.3789    -3.37819 9.74018e-05
        1105    -3.37804    -3.37819 9.73138e-05
        1106    -3.37805    -3.37819 9.72259e-05
        1107    -3.37786    -3.37819 9.71385e-05
        1108    -3.37802    -3.37819 9.70509e-05
        1109    -3.37897    -3.37819 9.69659e-05
        1110    -3.37877    -3.37819   9.688e-05
        1111    -3.37914    -3.37819 9.67965e-05
        1112    -3.37875    -3.37819 9.67108e-05
        1113    -3.37894    -3.37819 9.66262e-05
        1114    -3.37894    -3.37819 9.65418e-05
        1115    -3.37924     -3.3782 9.64597e-05
        1116    -3.37967     -3.3782 9.63823e-05
        1117    -3.38122     -3.3782  9.6334e-05
        1118    -3.38153     -3.3782 9.62937e-05
        1119    -3.38019     -3.3782  9.6224e-05
        1120    -3.37952    -3.37821 9.61452e-05
        1121    -3.37914    -3.37821 9.60631e-05
        1122    -3.37942    -3.37821 9.59835e-05
        1123    -3.37869    -3.37821  9.5899e-05
        1124    -3.37909    -3.37821  9.5817e-05
        1125    -3.37973    -3.37821 9.57414e-05
        1126    -3.37974    -3.37821  9.5666e-05
        1127    -3.37948    -3.37821 9.55877e-05
        1128    -3.37928    -3.37821 9.55076e-05
        1129    -3.37881    -3.37821 9.54245e-05
        1130    -3.37879    -3.37821 9.53414e-05
        1131    -3.37862    -3.37821 9.52578e-05
        1132     -3.3771    -3.37821 9.51787e-05
        1133    -3.37598    -3.37821 9.51151e-05
        1134    -3.37541    -3.37821 9.50632e-05
        1135    -3.37574    -3.37821 9.50043e-05
        1136    -3.37657    -3.37821 9.49316e-05
        1137    -3.37646     -3.3782 9.48606e-05
        1138    -3.37562     -3.3782 9.48044e-05
        1139    -3.37569     -3.3782 9.47469e-05
        1140    -3.37557     -3.3782 9.46917e-05
        1141    -3.37546    -3.37819 9.46392e-05
        1142    -3.37472    -3.37819 9.46052e-05
        1143    -3.37497    -3.37819 9.45644e-05
        1144    -3.37498    -3.37819 9.45232e-05
        1145    -3.37481    -3.37818 9.44866e-05
        1146    -3.37526    -3.37818 9.44385e-05
        1147    -3.37584    -3.37818 9.43782e-05
        1148    -3.37542    -3.37818 9.43267e-05
        1149    -3.37539    -3.37817 9.42758e-05
        1150    -3.37457    -3.37817 9.42459e-05
        1151    -3.37518    -3.37817 9.41999e-05
        1152    -3.37449    -3.37816 9.41722e-05
        1153    -3.37361    -3.37816 9.41734e-05
        1154    -3.37355    -3.37816 9.41766e-05
        1155    -3.37317    -3.37815 9.41939e-05
        1156    -3.37347    -3.37815 9.41993e-05
        1157    -3.37403    -3.37814 9.41851e-05
        1158    -3.37446    -3.37814 9.41575e-05
        1159    -3.37462    -3.37814 9.41254e-05
        1160    -3.37534    -3.37814 9.40752e-05
        1161    -3.37606    -3.37813 9.40112e-05
        1162    -3.37713    -3.37813 9.39342e-05
        1163    -3.37735    -3.37813 9.38559e-05
        1164    -3.37783    -3.37813 9.37756e-05
        1165    -3.37832    -3.37813 9.36953e-05
        1166    -3.37777    -3.37813 9.36154e-05
        1167    -3.37818    -3.37813 9.35352e-05
        1168    -3.37761    -3.37813 9.34562e-05
        1169    -3.37774    -3.37813 9.33769e-05
        1170    -3.37739    -3.37813 9.32992e-05
        1171    -3.37645    -3.37813 9.32305e-05
        1172    -3.37573    -3.37813 9.31734e-05
        1173    -3.37612    -3.37813 9.31097e-05
        1174    -3.37618    -3.37812 9.30452e-05
        1175    -3.37657    -3.37812 9.29754e-05
        1176    -3.37622    -3.37812 9.29104e-05
        1177    -3.37671    -3.37812 9.28392e-05
        1178    -3.37714    -3.37812 9.27642e-05
        1179    -3.37811    -3.37812 9.26855e-05
        1180    -3.37886    -3.37812  9.2609e-05
        1181    -3.37771    -3.37812 9.25313e-05
        1182    -3.37793    -3.37812 9.24531e-05
        1183     -3.3781    -3.37812  9.2375e-05
        1184    -3.37705    -3.37812 9.23014e-05
        1185    -3.37613    -3.37812 9.22387e-05
        1186     -3.3746    -3.37811 9.22085e-05
        1187    -3.37398    -3.37811 9.21965e-05
        1188    -3.37363    -3.37811 9.21958e-05
        1189    -3.37358     -3.3781 9.21969e-05
        1190    -3.37385     -3.3781 9.21887e-05
        1191    -3.37439     -3.3781 9.21638e-05
        1192    -3.37487    -3.37809 9.21262e-05
        1193    -3.37509    -3.37809 9.20834e-05
        1194    -3.37544    -3.37809 9.20331e-05
        1195    -3.37619    -3.37809 9.19699e-05
        1196    -3.37612    -3.37809 9.19077e-05
        1197     -3.3775    -3.37808 9.18323e-05
        1198    -3.37747    -3.37808 9.17571e-05
        1199     -3.3779    -3.37808 9.16807e-05
        1200    -3.37821    -3.37808 9.16043e-05
        1201    -3.37778    -3.37808 9.15284e-05
        1202    -3.37681    -3.37808 9.14584e-05
        1203    -3.37611    -3.37808 9.13971e-05
        1204    -3.37573    -3.37808  9.1342e-05
        1205    -3.37611    -3.37808 9.12808e-05
        1206    -3.37569    -3.37808 9.12266e-05
        1207    -3.37541    -3.37807 9.11778e-05
        1208    -3.37552    -3.37807 9.11269e-05
        1209     -3.3756    -3.37807 9.10745e-05
        1210    -3.37589    -3.37807 9.10171e-05
        1211    -3.37621    -3.37807 9.09548e-05
        1212    -3.37653    -3.37806 9.08885e-05
        1213    -3.37658    -3.37806 9.08218e-05
        1214    -3.37654    -3.37806 9.07557e-05
        1215     -3.3769    -3.37806 9.06861e-05
        1216    -3.37708    -3.37806 9.06151e-05
        1217    -3.37678    -3.37806 9.05468e-05
        1218    -3.37589    -3.37806 9.04899e-05
        1219    -3.37522    -3.37806 9.04457e-05
        1220    -3.37485    -3.37805 9.04097e-05
        1221     -3.3744    -3.37805 9.03851e-05
        1222    -3.37401    -3.37805 9.03715e-05
        1223    -3.37336    -3.37804 9.03789e-05
        1224    -3.37404    -3.37804 9.03642e-05
        1225    -3.37403    -3.37804 9.03496e-05
        1226    -3.37427    -3.37803 9.03281e-05
        1227    -3.37412    -3.37803 9.03107e-05
        1228    -3.37494    -3.37803 9.02721e-05
        1229     -3.3757    -3.37803 9.02185e-05
        1230    -3.37516    -3.37802 9.01753e-05
        1231    -3.37409    -3.37802 9.01585e-05
        1232    -3.37385    -3.37802 9.01488e-05
        1233    -3.37366    -3.37801 9.01448e-05
        1234    -3.37415    -3.37801 9.01261e-05
        1235    -3.37484    -3.37801 9.00896e-05
        1236    -3.37542    -3.37801 9.00411e-05
        1237    -3.37658      -3.378 8.99757e-05
        1238     -3.3767      -3.378 8.99092e-05
        1239    -3.37653      -3.378 8.98445e-05
        1240    -3.37597      -3.378  8.9787e-05
        1241    -3.37519      -3.378 8.97432e-05
        1242     -3.3752      -3.378 8.96991e-05
        1243    -3.37586    -3.37799 8.96434e-05
        1244    -3.37574    -3.37799 8.95896e-05
        1245    -3.37519    -3.37799 8.95459e-05
        1246    -3.37478    -3.37799 8.95111e-05
        1247    -3.37552    -3.37799 8.94613e-05
        1248     -3.3772    -3.37798 8.93918e-05
        1249    -3.37856    -3.37799 8.93215e-05
        1250    -3.38008    -3.37799 8.92658e-05
        1251     -3.3801    -3.37799 8.92105e-05
        1252     -3.3797    -3.37799 8.91497e-05
        1253    -3.37924    -3.37799 8.90841e-05
        1254    -3.37943    -3.37799 8.90205e-05
        1255    -3.37971    -3.37799 8.89601e-05
        1256    -3.38015      -3.378 8.89057e-05
        1257    -3.37977      -3.378 8.88462e-05
        1258    -3.37907      -3.378 8.87797e-05
        1259    -3.37878      -3.378 8.87113e-05
        1260    -3.37782      -3.378  8.8641e-05
        1261    -3.37781      -3.378 8.85708e-05
        1262    -3.37766      -3.378 8.85011e-05
        1263    -3.37796      -3.378  8.8431e-05
        1264    -3.37903      -3.378 8.83648e-05
        1265    -3.37995      -3.378 8.83084e-05
        1266    -3.37987      -3.378  8.8251e-05
        1267    -3.37888      -3.378 8.81841e-05
        1268    -3.37766      -3.378 8.81149e-05
        1269     -3.3772      -3.378 8.80478e-05
        1270    -3.37821      -3.378 8.79786e-05
        1271    -3.37958      -3.378 8.79182e-05
        1272     -3.3812    -3.37801 8.78849e-05
        1273    -3.38169    -3.37801 8.78634e-05
        1274    -3.38189    -3.37801 8.78472e-05
        1275    -3.38199    -3.37801 8.78338e-05
        1276    -3.38142    -3.37802 8.78056e-05
        1277    -3.38061    -3.37802 8.77604e-05
        1278    -3.37979    -3.37802 8.77026e-05
        1279    -3.37943    -3.37802 8.76409e-05
        1280    -3.37861    -3.37802 8.75737e-05
        1281    -3.37853    -3.37802 8.75062e-05
        1282    -3.37901    -3.37802 8.74413e-05
        1283    -3.37869    -3.37802 8.73747e-05
        1284    -3.37842    -3.37802 8.73072e-05
        1285    -3.37795    -3.37802 8.72393e-05
        1286    -3.37764    -3.37802 8.71719e-05
        1287    -3.37782    -3.37802 8.71044e-05
        1288    -3.37809    -3.37802 8.70367e-05
        1289    -3.37775    -3.37802 8.69695e-05
        1290    -3.37777    -3.37802 8.69023e-05
        1291    -3.37854    -3.37802 8.68359e-05
        1292    -3.37889    -3.37802 8.67713e-05
        1293    -3.37776    -3.37802 8.67044e-05
        1294    -3.37666    -3.37802 8.66439e-05
        1295    -3.37701    -3.37802 8.65805e-05
        1296    -3.37756    -3.37802 8.65144e-05
        1297    -3.37757    -3.37802 8.64484e-05
        1298    -3.37788    -3.37802 8.63819e-05
        1299    -3.37831    -3.37802 8.63157e-05
        1300    -3.37794    -3.37802 8.62493e-05
        1301    -3.37783    -3.37802 8.61831e-05
        1302    -3.37763    -3.37802 8.61175e-05
        1303    -3.37703    -3.37802 8.60548e-05
        1304    -3.37724    -3.37802 8.59909e-05
        1305     -3.3767    -3.37802 8.59309e-05
        1306    -3.37593    -3.37802 8.58799e-05
        1307    -3.37626    -3.37802 8.58247e-05
        1308    -3.37688    -3.37801 8.57635e-05
        1309    -3.37756    -3.37801 8.56987e-05
        1310    -3.37848    -3.37801  8.5634e-05
        1311    -3.38006    -3.37802 8.55829e-05
        1312    -3.38204    -3.37802 8.55727e-05
        1313    -3.38268    -3.37802 8.55812e-05
        1314    -3.38185    -3.37803 8.55657e-05
        1315    -3.38187    -3.37803 8.55506e-05
        1316    -3.38132    -3.37803 8.55221e-05
        1317    -3.38011    -3.37803 8.54717e-05
        1318    -3.37975    -3.37803 8.54167e-05
        1319    -3.37971    -3.37804 8.53614e-05
        1320    -3.37962    -3.37804 8.53053e-05
        1321    -3.37795    -3.37804 8.52407e-05
        1322    -3.37676    -3.37804 8.51817e-05
        1323    -3.37552    -3.37803 8.51386e-05
        1324    -3.37524    -3.37803 8.51005e-05
        1325    -3.37604    -3.37803 8.50495e-05
        1326    -3.37787    -3.37803 8.49855e-05
        1327    -3.37973    -3.37803 8.49311e-05
        1328    -3.38123    -3.37803 8.49012e-05
        1329    -3.38184    -3.37804 8.48858e-05
        1330    -3.38261    -3.37804 8.48917e-05
        1331    -3.38295    -3.37804 8.49081e-05
        1332    -3.38278    -3.37805 8.49188e-05
        1333    -3.38145    -3.37805 8.48935e-05
        1334    -3.38093    -3.37805 8.48573e-05
        1335     -3.3803    -3.37805 8.48104e-05
        1336    -3.37916    -3.37805 8.47509e-05
        1337    -3.37732    -3.37805 8.46893e-05
        1338    -3.37669    -3.37805 8.46321e-05
        1339    -3.37647    -3.37805 8.45772e-05
        1340    -3.37642    -3.37805 8.45228e-05
        1341    -3.37618    -3.37805 8.44713e-05
        1342    -3.37641    -3.37805 8.44172e-05
        1343    -3.37827    -3.37805 8.43545e-05
        1344     -3.3798    -3.37805 8.43017e-05
        1345    -3.38133    -3.37805 8.42744e-05
        1346    -3.38081    -3.37805 8.42367e-05
        1347    -3.38134    -3.37806 8.42095e-05
        1348    -3.38155    -3.37806 8.41869e-05
        1349      -3.381    -3.37806 8.41526e-05
        1350    -3.38031    -3.37806 8.41068e-05
        1351    -3.37923    -3.37806  8.4049e-05
        1352    -3.37886    -3.37806 8.39889e-05
        1353    -3.37854    -3.37806 8.39276e-05
        1354    -3.37746    -3.37806 8.38668e-05
        1355     -3.3767    -3.37806 8.38109e-05
        1356    -3.37585    -3.37806  8.3765e-05
        1357    -3.37524    -3.37806  8.3729e-05
        1358    -3.37601    -3.37806  8.3681e-05
        1359    -3.37687    -3.37806 8.36239e-05
        1360    -3.37686    -3.37806 8.35671e-05
        1361    -3.37657    -3.37805 8.35128e-05
        1362    -3.37674    -3.37805  8.3457e-05
        1363    -3.37753    -3.37805 8.33967e-05
        1364    -3.37849    -3.37805 8.33362e-05
        1365     -3.3793    -3.37805 8.32801e-05
        1366    -3.38005    -3.37806  8.3232e-05
        1367    -3.38009    -3.37806 8.31844e-05
        1368    -3.38188    -3.37806 8.31706e-05
        1369    -3.38161    -3.37806 8.31502e-05
        1370    -3.38109    -3.37807 8.31189e-05
        1371    -3.38114    -3.37807 8.30885e-05
        1372    -3.37936    -3.37807 8.30333e-05
        1373    -3.37869    -3.37807 8.29741e-05
        1374    -3.37876    -3.37807 8.29152e-05
        1375    -3.37834    -3.37807 8.28551e-05
        1376    -3.37869    -3.37807 8.27961e-05
        1377    -3.37824    -3.37807 8.27361e-05
        1378    -3.37797    -3.37807 8.26761e-05
        1379    -3.37734    -3.37807 8.26179e-05
        1380    -3.37786    -3.37807 8.25581e-05
        1381    -3.37791    -3.37807 8.24984e-05
        1382    -3.37762    -3.37807 8.24393e-05
        1383    -3.37803    -3.37807 8.23797e-05
        1384    -3.37888    -3.37807 8.23223e-05
        1385    -3.38052    -3.37807 8.22819e-05
        1386    -3.38097    -3.37807 8.22492e-05
        1387    -3.38048    -3.37808 8.22082e-05
        1388    -3.38046    -3.37808 8.21669e-05
        1389    -3.38012    -3.37808 8.21209e-05
        1390    -3.38063    -3.37808 8.20823e-05
        1391       -3.38    -3.37808 8.20349e-05
        1392    -3.37913    -3.37808 8.19794e-05
        1393    -3.37948    -3.37808 8.19267e-05
        1394    -3.37944    -3.37808 8.18737e-05
        1395    -3.37896    -3.37808 8.18174e-05
        1396    -3.37911    -3.37809 8.17621e-05
        1397    -3.37915    -3.37809 8.17071e-05
        1398    -3.37928    -3.37809 8.16531e-05
        1399    -3.37915    -3.37809 8.15982e-05
        1400    -3.37937    -3.37809 8.15451e-05
        1401    -3.37957    -3.37809 8.14938e-05
        1402     -3.3805    -3.37809 8.14538e-05
        1403    -3.38074    -3.37809 8.14176e-05
        1404    -3.38112     -3.3781 8.13882e-05
        1405    -3.38132     -3.3781 8.13626e-05
        1406    -3.38091     -3.3781 8.13294e-05
        1407    -3.37987     -3.3781 8.12813e-05
        1408    -3.37936     -3.3781 8.12285e-05
        1409    -3.37823     -3.3781 8.11709e-05
        1410     -3.3768     -3.3781 8.11186e-05
        1411    -3.37538     -3.3781  8.1084e-05
        1412    -3.37449     -3.3781 8.10669e-05
        1413    -3.37374    -3.37809 8.10683e-05
        1414    -3.37342    -3.37809 8.10784e-05
        1415    -3.37299    -3.37809 8.11012e-05
        1416    -3.37191    -3.37808 8.11612e-05
        1417    -3.37196    -3.37808 8.12187e-05
        1418    -3.37239    -3.37807 8.12605e-05
        1419    -3.37264    -3.37807 8.12936e-05
        1420    -3.37343    -3.37807  8.1302e-05
        1421    -3.37385    -3.37806  8.1299e-05
        1422    -3.37407    -3.37806 8.12902e-05
        1423     -3.3752    -3.37806  8.1258e-05
        1424    -3.37588    -3.37806 8.12154e-05
        1425    -3.37695    -3.37806 8.11622e-05
        1426    -3.37848    -3.37806 8.11058e-05
        1427    -3.38024    -3.37806 8.10634e-05
        1428    -3.38087    -3.37806 8.10306e-05
        1429    -3.38087    -3.37806 8.09978e-05
        1430    -3.37988    -3.37806  8.0951e-05
        1431    -3.37932    -3.37806 8.08992e-05
        1432    -3.37978    -3.37807 8.08516e-05
        1433    -3.37993    -3.37807 8.08056e-05
        1434     -3.3802    -3.37807 8.07629e-05
        1435    -3.38002    -3.37807 8.07181e-05
        1436     -3.3795    -3.37807  8.0668e-05
        1437    -3.37884    -3.37807 8.06137e-05
        1438    -3.37807    -3.37807 8.05576e-05
        1439    -3.37729    -3.37807 8.05035e-05
        1440    -3.37798    -3.37807 8.04476e-05
        1441    -3.37808    -3.37807 8.03917e-05
        1442    -3.37766    -3.37807 8.03365e-05
        1443    -3.37766    -3.37807 8.02813e-05
        1444    -3.37789    -3.37807 8.02258e-05
        1445    -3.37786    -3.37807 8.01705e-05
        1446     -3.3786    -3.37807 8.01158e-05
        1447    -3.37829    -3.37807 8.00606e-05
        1448    -3.37775    -3.37807 8.00056e-05
        1449    -3.37812    -3.37807 7.99504e-05
        1450     -3.3778    -3.37807 7.98955e-05
        1451    -3.37888    -3.37807 7.98424e-05
        1452    -3.37975    -3.37807 7.97958e-05
        1453    -3.38115    -3.37807  7.9769e-05
        1454    -3.38152    -3.37808 7.97493e-05
        1455    -3.38225    -3.37808 7.97461e-05
        1456    -3.38189    -3.37808 7.97341e-05
        1457    -3.37983    -3.37808 7.96885e-05
        1458    -3.37752    -3.37808 7.96348e-05
        1459    -3.37717    -3.37808 7.95826e-05
        1460    -3.37549    -3.37808 7.95479e-05
        1461    -3.37342    -3.37808 7.95575e-05
        1462    -3.37215    -3.37807 7.96064e-05
        1463     -3.3725    -3.37807 7.96431e-05
        1464     -3.3729    -3.37807 7.96668e-05
        1465     -3.3731    -3.37806 7.96844e-05
        1466     -3.3725    -3.37806 7.97205e-05
        1467    -3.37379    -3.37806 7.97192e-05
        1468      -3.375    -3.37805 7.96921e-05
        1469    -3.37624    -3.37805 7.96474e-05
        1470      -3.377    -3.37805 7.95965e-05
        1471    -3.37638    -3.37805 7.95505e-05
        1472     -3.3766    -3.37805 7.95025e-05
        1473     -3.3764    -3.37805 7.94564e-05
        1474    -3.37658    -3.37805 7.94088e-05
        1475    -3.37666    -3.37805 7.93605e-05
        1476    -3.37627    -3.37805 7.93158e-05
        1477    -3.37662    -3.37804  7.9268e-05
        1478    -3.37707    -3.37804 7.92172e-05
        1479    -3.37699    -3.37804 7.91668e-05
        1480    -3.37768    -3.37804 7.91137e-05
        1481    -3.37813    -3.37804 7.90603e-05
        1482    -3.37781    -3.37804 7.90071e-05
        1483    -3.37821    -3.37804 7.89539e-05
        1484    -3.37916    -3.37804 7.89043e-05
        1485    -3.37955    -3.37804 7.88577e-05
        1486    -3.37927    -3.37805 7.88089e-05
        1487    -3.37971    -3.37805 7.87638e-05
        1488    -3.37922    -3.37805 7.87148e-05
        1489    -3.37952    -3.37805 7.86682e-05
        1490    -3.37952    -3.37805 7.86216e-05
        1491    -3.37854    -3.37805 7.85696e-05
        1492    -3.37831    -3.37805 7.85171e-05
        1493    -3.37794    -3.37805 7.84645e-05
        1494    -3.37832    -3.37805 7.84122e-05
        1495    -3.37802    -3.37805 7.83598e-05
        1496    -3.37768    -3.37805 7.83078e-05
        1497    -3.37714    -3.37805 7.82578e-05
        1498    -3.37638    -3.37805 7.82135e-05
        1499    -3.37567    -3.37805 7.81774e-05
        1500    -3.37551    -3.37804 7.81435e-05
