           1     1.54576     1.54576           0
           2     1.51771     1.53174  0.00991522
           3     1.46108     1.50818   0.0203348
           4     1.37691     1.47536   0.0322548
           5     1.26715     1.43372   0.0453116
           6     1.13594     1.38409   0.0589786
           7    0.990371     1.32785   0.0725759
           8    0.840846     1.26697   0.0852953
           9     0.70019     1.20399   0.0962998
          10     0.58132     1.14173    0.104886
          11    0.494083     1.08285    0.110649
          12    0.442768     1.02951     0.11356
          13    0.425621    0.983057     0.11393
          14    0.436322    0.944005    0.112286
          15    0.466376    0.912163    0.109222
          16    0.507308    0.886859    0.105286
          17     0.55204    0.867164    0.100918
          18    0.595463     0.85207   0.0964334
          19    0.634295    0.840608   0.0920366
          20    0.666566    0.831906   0.0878452
          21    0.691003    0.825196   0.0839179
          22    0.706778    0.819813   0.0802759
          23    0.713624    0.815196   0.0769183
          24    0.712187    0.810904   0.0738331
          25    0.704327    0.806641   0.0710027
          26    0.693085    0.802274    0.068406
          27    0.682058    0.797821   0.0660172
          28    0.674536    0.793418   0.0638061
          29    0.672747    0.789257   0.0617414
          30    0.677471    0.785531   0.0597957
          31    0.688226    0.782392   0.0579492
          32    0.703553    0.779928   0.0561906
          33    0.721431    0.778156   0.0545158
          34    0.739471    0.777018   0.0529243
          35     0.75513    0.776393   0.0514158
          36    0.766111    0.776107   0.0499884
          37    0.771259    0.775976   0.0486375
          38    0.771479    0.775858   0.0473578
          39    0.769933    0.775706   0.0461437
          40    0.770989    0.775588   0.0449903
          41    0.777993    0.775646    0.043893
          42    0.791249    0.776018   0.0428495
          43    0.808124    0.776765   0.0418595
          44    0.824991    0.777861   0.0409225
          45    0.839062    0.779221   0.0400357
          46    0.848881    0.780735    0.039194
          47    0.853928    0.782292    0.038391
          48    0.854141    0.783789   0.0376203
          49    0.849746    0.785135   0.0368766
          50    0.841443    0.786261   0.0361563
          51    0.830812    0.787135   0.0354579
          52    0.820329    0.787773   0.0347818
          53    0.812919    0.788248   0.0341287
          54    0.811063     0.78867   0.0334993
          55    0.815991    0.789167    0.032894
          56    0.827274    0.789847   0.0323136
          57     0.84306    0.790781   0.0317602
          58    0.860769    0.791988   0.0312355
          59    0.877949    0.793445     0.03074
          60    0.892814    0.795101   0.0302723
          61    0.904392    0.796892    0.029829
          62    0.912447    0.798756   0.0294061
          63    0.917104    0.800635   0.0289992
          64    0.918464    0.802476   0.0286045
          65    0.916534    0.804231   0.0282182
          66    0.911189    0.805851   0.0278372
          67     0.90231    0.807291   0.0274589
          68    0.890107    0.808509   0.0270821
          69    0.875476    0.809479    0.026707
          70    0.859982    0.810201   0.0263352
          71    0.845433    0.810697   0.0259689
          72     0.83307    0.811008   0.0256101
          73     0.82299    0.811172   0.0252598
          74    0.814229    0.811213   0.0249185
          75    0.805285    0.811134   0.0245864
          76    0.794861     0.81092   0.0242638
          77    0.782341    0.810549   0.0239515
          78    0.767893    0.810002   0.0236507
          79    0.752527    0.809274   0.0233625
          80    0.737862    0.808382   0.0230875
          81    0.725775    0.807362    0.022825
          82    0.718081    0.806273   0.0225726
          83    0.716216    0.805188   0.0223267
          84    0.720833    0.804184   0.0220835
          85    0.731569     0.80333   0.0218402
          86      0.7468    0.802672   0.0215961
          87    0.763926    0.802227   0.0213525
          88    0.780155    0.801976   0.0211113
          89    0.793433     0.80188   0.0208743
          90    0.802709    0.801889   0.0206424
          91    0.807782    0.801954   0.0204157
          92    0.808987    0.802031   0.0201939
          93    0.807063    0.802085   0.0199768
          94    0.803047    0.802095   0.0197643
          95    0.798107    0.802053   0.0195563
          96    0.793284    0.801962   0.0193528
          97    0.789158     0.80183   0.0191538
          98    0.785805    0.801666    0.018959
          99    0.783029    0.801478   0.0187684
         100    0.780714     0.80127   0.0185819
         101     0.77906     0.80105   0.0183992
         102    0.778612     0.80083   0.0182202
         103    0.780172     0.80063   0.0180444
         104    0.784437    0.800474   0.0178715
         105    0.791357    0.800387   0.0177015
         106     0.79981    0.800382   0.0175345
         107    0.807802    0.800451   0.0173708
         108    0.813188    0.800569   0.0172104
         109    0.814366    0.800696   0.0170529
         110    0.810595    0.800786   0.0168981
         111    0.802035    0.800797   0.0167459
         112     0.78974    0.800698   0.0165967
         113    0.775596    0.800476   0.0164513
         114    0.762135     0.80014   0.0163104
         115    0.752186    0.799723   0.0161739
         116    0.748224    0.799279   0.0160406
         117    0.751745    0.798872   0.0159086
         118    0.762843    0.798567   0.0157767
         119    0.780177    0.798413   0.0156449
         120    0.801281    0.798436   0.0155146
         121    0.823158    0.798641   0.0153877
         122    0.842861    0.799003   0.0152658
         123    0.857951    0.799482   0.0151492
         124    0.866967    0.800027   0.0150368
         125    0.869734    0.800584   0.0149269
         126    0.867489    0.801115   0.0148179
         127     0.86262      0.8016   0.0147091
         128    0.857955     0.80204   0.0146008
         129    0.855901    0.802457   0.0144936
         130    0.857881    0.802884   0.0143883
         131     0.86401     0.80335   0.0142861
         132     0.87304    0.803878   0.0141876
         133    0.882643    0.804471   0.0140933
         134    0.890172     0.80511   0.0140026
         135    0.893385    0.805764   0.0139141
         136    0.890908     0.80639   0.0138259
         137    0.882312    0.806944   0.0137361
         138    0.868037    0.807387   0.0136437
         139    0.849094    0.807687   0.0135488
         140    0.826895    0.807824   0.0134527
         141    0.802998     0.80779   0.0133574
         142    0.778995    0.807587   0.0132648
         143    0.756475     0.80723   0.0131769
         144    0.737012    0.806742   0.0130944
         145    0.722091    0.806158   0.0130171
         146    0.712941     0.80552   0.0129436
         147    0.710266    0.804872   0.0128718
         148     0.71402    0.804258   0.0127994
         149    0.723444    0.803716    0.012725
         150    0.737277    0.803273   0.0126479
         151    0.754173    0.802948   0.0125683
         152    0.772905     0.80275   0.0124872
         153    0.792261    0.802681   0.0124057
         154    0.810853    0.802734   0.0123253
         155    0.827084    0.802892   0.0122468
         156    0.839471    0.803126   0.0121705
         157    0.846902    0.803405   0.0120962
         158    0.848819    0.803692    0.012023
         159    0.845336    0.803954   0.0119503
         160    0.837168    0.804162   0.0118774
         161     0.82557    0.804295   0.0118044
         162    0.812174    0.804343   0.0117316
         163    0.798921     0.80431   0.0116597
         164    0.787595    0.804208    0.011589
         165    0.779844    0.804061   0.0115197
         166    0.776953    0.803897   0.0114515
         167    0.779528    0.803751   0.0113838
         168    0.787153    0.803652   0.0113165
         169    0.798326    0.803621   0.0112496
         170    0.810777    0.803663   0.0111835
         171    0.822159    0.803771   0.0111186
         172    0.830683    0.803928   0.0110551
         173    0.835512     0.80411   0.0109927
         174    0.836827    0.804298   0.0109311
         175    0.835561    0.804477   0.0108701
         176    0.832887    0.804638   0.0108096
         177    0.829782     0.80478   0.0107494
         178    0.826803    0.804904   0.0106897
         179    0.824093    0.805011   0.0106306
         180    0.821574    0.805103   0.0105719
         181    0.819103    0.805181   0.0105138
         182    0.816479    0.805243   0.0104562
         183     0.81342    0.805287   0.0103991
         184    0.809513     0.80531   0.0103427
         185    0.804275    0.805305   0.0102867
         186    0.797284    0.805262   0.0102315
         187    0.788376    0.805171   0.0101772
         188    0.777851    0.805026   0.0101241
         189    0.766678    0.804823   0.0100726
         190    0.756476    0.804569   0.0100228
         191    0.749193    0.804279   0.0099745
         192    0.746567    0.803978  0.00992708
         193    0.749448    0.803696  0.00987967
         194    0.757449    0.803457  0.00983161
         195    0.768953     0.80328  0.00978279
         196    0.781533    0.803169  0.00973351
         197    0.792589    0.803116  0.00968425
         198    0.800108      0.8031  0.00963535
         199    0.803344    0.803102  0.00958693
         200    0.803241    0.803102  0.00953899
         201    0.802111    0.803097  0.00949154
         202    0.802715    0.803096  0.00944455
         203    0.807045    0.803115  0.00939804
         204    0.815587    0.803176  0.00935217
         205    0.827249    0.803294  0.00930729
         206    0.840058    0.803472  0.00926382
         207    0.851838    0.803706  0.00922201
         208     0.86082     0.80398  0.00918177
         209    0.865851    0.804276   0.0091426
         210    0.866326    0.804572  0.00910384
         211    0.862199    0.804845  0.00906479
         212    0.853832    0.805076  0.00902498
         213    0.841989    0.805249  0.00898427
         214    0.827906    0.805355  0.00894291
         215    0.813393    0.805393  0.00890139
         216    0.800748    0.805371  0.00886021
         217    0.792323    0.805311  0.00881958
         218    0.789787     0.80524  0.00877941
         219    0.793451    0.805186  0.00873949
         220    0.802158    0.805172  0.00869978
         221    0.813498     0.80521  0.00866049
         222    0.824407    0.805296  0.00862191
         223    0.831928    0.805416  0.00858408
         224    0.834017    0.805543   0.0085467
         225    0.830157    0.805653  0.00850942
         226    0.821576    0.805723  0.00847206
         227    0.810621    0.805745  0.00843476
         228    0.799637    0.805718  0.00839781
         229    0.790007    0.805649  0.00836142
         230    0.781928    0.805546   0.0083257
         231    0.774898    0.805414  0.00829072
         232    0.768304    0.805254  0.00825653
         233    0.761774    0.805067   0.0082232
         234    0.755232    0.804854  0.00819081
         235      0.7489    0.804616  0.00815942
         236    0.743259    0.804356  0.00812899
         237    0.739037     0.80408  0.00809936
         238    0.737144    0.803799  0.00807021
         239    0.738505    0.803526  0.00804106
         240    0.743719    0.803277  0.00801142
         241    0.752705    0.803067  0.00798093
         242    0.764545    0.802908  0.00794953
         243    0.777656    0.802804   0.0079175
         244     0.79029    0.802753  0.00788522
         245    0.801034    0.802745  0.00785303
         246    0.809027    0.802771  0.00782115
         247    0.813974    0.802816  0.00778962
         248     0.81602     0.80287  0.00775839
         249    0.815564    0.802921   0.0077274
         250    0.813083    0.802961   0.0076966
         251    0.809048    0.802986  0.00766597
         252    0.804114     0.80299  0.00763555
         253    0.799275    0.802975  0.00760539
         254    0.795829    0.802947   0.0075755
         255    0.795078    0.802916  0.00754585
         256    0.797965    0.802897   0.0075164
         257    0.804761    0.802904  0.00748716
         258    0.815066    0.802951  0.00745829
         259    0.828113    0.803049  0.00743012
         260    0.843019    0.803202  0.00740314
         261    0.858902    0.803416  0.00737785
         262    0.874651    0.803688   0.0073547
         263    0.888788    0.804011  0.00733385
         264     0.89943    0.804373  0.00731497
         265    0.904628    0.804751  0.00729714
         266    0.902873     0.80512  0.00727902
         267    0.893458    0.805451  0.00725928
         268    0.876764    0.805717  0.00723707
         269    0.854174    0.805897   0.0072124
         270    0.827872    0.805978  0.00718615
         271    0.800517    0.805958  0.00715966
         272    0.774767    0.805843  0.00713426
         273    0.752856    0.805649  0.00711076
         274    0.736103    0.805395  0.00708934
         275    0.724776    0.805102  0.00706962
         276    0.718192    0.804787  0.00705102
         277    0.715199    0.804464  0.00703297
         278    0.714732    0.804141  0.00701508
         279    0.716289    0.803826    0.006997
         280     0.71985    0.803526  0.00697843
         281    0.725691    0.803249  0.00695909
         282    0.734042    0.803004  0.00693874
         283    0.744803    0.802798  0.00691727
         284    0.757457    0.802639  0.00689476
         285    0.771181    0.802528  0.00687145
         286    0.785115    0.802467  0.00684769
         287    0.798383    0.802453  0.00682385
         288    0.810149     0.80248  0.00680021
         289    0.819521    0.802539  0.00677693
         290    0.825441    0.802618  0.00675402
         291    0.826872    0.802701  0.00673133
         292    0.823314    0.802772  0.00670865
         293    0.815599    0.802816  0.00668589
         294    0.806482    0.802828  0.00666316
         295    0.800202    0.802819  0.00664058
         296    0.800243     0.80281  0.00661815
         297    0.806996    0.802825  0.00659588
         298    0.817944    0.802875  0.00657395
         299    0.829921    0.802966  0.00655258
         300    0.840782    0.803092  0.00653195
         301    0.849454    0.803246  0.00651207
         302    0.855287    0.803418  0.00649278
         303    0.857687    0.803597  0.00647382
         304    0.856134     0.80377  0.00645484
         305    0.850376    0.803923  0.00643548
         306    0.840745    0.804043  0.00641557
         307    0.828313    0.804122  0.00639516
         308    0.814995    0.804158   0.0063745
         309    0.803184    0.804154  0.00635387
         310    0.794869    0.804124  0.00633344
         311    0.790753    0.804081  0.00631322
         312    0.790128    0.804037  0.00629315
         313    0.791632    0.803997  0.00627317
         314    0.794251    0.803966  0.00625327
         315    0.797441    0.803945  0.00623345
         316    0.800924    0.803936  0.00621373
         317    0.804367    0.803937  0.00619413
         318    0.807165    0.803947  0.00617466
         319    0.808379    0.803961  0.00615532
         320     0.80697    0.803971  0.00613609
         321    0.802231    0.803965  0.00611698
         322    0.794336    0.803935  0.00609805
         323    0.784391    0.803875  0.00607947
         324    0.774015    0.803783  0.00606141
         325     0.76464    0.803662  0.00604395
         326    0.757156     0.80352   0.0060271
         327    0.752053    0.803362  0.00601072
         328    0.749711    0.803199  0.00599462
         329     0.75064    0.803039  0.00597853
         330    0.755416    0.802894  0.00596215
         331    0.764331    0.802778  0.00594528
         332    0.777017      0.8027  0.00592788
         333    0.792312    0.802669  0.00591016
         334    0.808301    0.802686  0.00589249
         335    0.822676    0.802746   0.0058752
         336    0.833185    0.802836  0.00585841
         337    0.838193    0.802941  0.00584197
         338    0.837013    0.803042  0.00582555
         339    0.830067    0.803122  0.00580891
         340    0.818814    0.803168  0.00579201
         341    0.805495    0.803175  0.00577503
         342    0.792677    0.803144  0.00575823
         343    0.782936    0.803085  0.00574174
         344     0.77835    0.803013   0.0057255
         345    0.779952    0.802946  0.00570929
         346    0.787405    0.802901  0.00569297
         347    0.798993     0.80289  0.00567657
         348    0.812116    0.802917  0.00566032
         349    0.823968    0.802977  0.00564443
         350    0.832171     0.80306  0.00562892
         351    0.835091    0.803152  0.00561362
         352    0.832064    0.803234  0.00559827
         353    0.823426    0.803291  0.00558271
         354    0.810341    0.803311  0.00556697
         355     0.79457    0.803286  0.00555134
         356    0.778195    0.803216   0.0055362
         357    0.763233    0.803104  0.00552182
         358    0.751281    0.802959   0.0055083
         359    0.743293    0.802793  0.00549546
         360    0.739689    0.802618  0.00548299
         361    0.740677    0.802446  0.00547048
         362    0.746573    0.802292  0.00545755
         363    0.757498    0.802168  0.00544391
         364    0.772356    0.802086  0.00542957
         365    0.788366    0.802049  0.00541482
         366     0.80183    0.802048  0.00540003
         367     0.80971    0.802069  0.00538536
         368    0.810845    0.802093  0.00537077
         369    0.806074    0.802104  0.00535623
         370    0.797766    0.802092  0.00534177
         371    0.789028    0.802057  0.00532748
         372    0.783126    0.802006  0.00531341
         373    0.782792    0.801954  0.00529941
         374    0.789616    0.801921  0.00528534
         375    0.803577    0.801926  0.00527125
         376    0.822938    0.801982  0.00525753
         377    0.844676    0.802095   0.0052448
         378    0.865328    0.802262  0.00523359
         379    0.881678    0.802472  0.00522398
         380    0.891414    0.802706  0.00521547
         381    0.893507    0.802944  0.00520723
         382    0.888265    0.803167  0.00519838
         383    0.877115    0.803361  0.00518839
         384    0.862174    0.803514  0.00517714
         385    0.845832    0.803624  0.00516486
         386    0.830287    0.803693  0.00515194
         387    0.817314    0.803728  0.00513875
         388    0.808099    0.803739  0.00512552
         389    0.803086    0.803737  0.00511234
         390    0.801979    0.803733  0.00509924
         391    0.803814    0.803733   0.0050862
         392    0.807319    0.803742  0.00507323
         393    0.811207    0.803761  0.00506036
         394    0.814295    0.803788  0.00504758
         395    0.815436    0.803818  0.00503489
         396    0.813422    0.803842  0.00502223
         397     0.80709     0.80385  0.00500959
         398    0.795689    0.803829  0.00499704
         399    0.779466    0.803768  0.00498489
         400    0.760035    0.803659  0.00497363
         401    0.740145    0.803501  0.00496375
         402    0.723019      0.8033  0.00495544
         403    0.711483    0.803073  0.00494838
         404    0.707325    0.802836   0.0049418
         405    0.710991    0.802609   0.0049348
         406     0.72162    0.802409  0.00492667
         407     0.73734     0.80225  0.00491716
         408     0.75571    0.802135  0.00490643
         409    0.774205    0.802067  0.00489491
         410    0.790556    0.802039  0.00488305
         411    0.803002    0.802041  0.00487117
         412    0.810538    0.802062  0.00485939
         413    0.813004    0.802089   0.0048477
         414    0.811044     0.80211  0.00483604
         415    0.806042     0.80212  0.00482439
         416    0.799913    0.802114   0.0048128
         417    0.794825    0.802097  0.00480129
         418    0.792786    0.802075  0.00478986
         419    0.795213    0.802058  0.00477845
         420    0.802778     0.80206  0.00476708
         421    0.815219    0.802091  0.00475585
         422    0.831011     0.80216  0.00474508
         423    0.847461    0.802267  0.00473507
         424    0.861487    0.802406  0.00472596
         425    0.870955    0.802568  0.00471759
         426    0.875518    0.802739  0.00470963
         427      0.8764    0.802912  0.00470175
         428    0.875367    0.803081  0.00469382
         429    0.873364    0.803245  0.00468573
         430    0.870059      0.8034  0.00467741
         431    0.864365    0.803541   0.0046687
         432     0.85555    0.803662  0.00465944
         433    0.844093    0.803755  0.00464962
         434    0.831796     0.80382  0.00463935
         435    0.820933    0.803859  0.00462885
         436    0.813168    0.803881  0.00461829
         437    0.809015    0.803892  0.00460773
         438    0.807872    0.803901  0.00459722
         439    0.808594    0.803912  0.00458676
         440    0.809975    0.803926  0.00457636
         441    0.810995    0.803942  0.00456601
         442    0.811034    0.803958  0.00455571
         443    0.810113    0.803972  0.00454544
         444    0.808811    0.803983  0.00453522
         445    0.807833    0.803991  0.00452504
         446    0.807272    0.803999   0.0045149
         447    0.806296    0.804004   0.0045048
         448    0.803428    0.804003  0.00449474
         449    0.797406    0.803988  0.00448476
         450    0.787755    0.803952  0.00447494
         451    0.775151    0.803888  0.00446547
         452    0.761258    0.803794  0.00445659
         453    0.748204    0.803671  0.00444844
         454    0.738028    0.803526  0.00444099
         455    0.732217     0.80337  0.00443399
         456    0.731515    0.803212  0.00442707
         457    0.735743    0.803064  0.00441984
         458    0.743536    0.802934   0.0044121
         459    0.752588    0.802825  0.00440385
         460    0.760091    0.802732  0.00439526
         461    0.763474    0.802647  0.00438655
         462    0.761143    0.802557  0.00437798
         463    0.752813    0.802449  0.00436984
         464    0.739539    0.802314  0.00436252
         465    0.723515    0.802144  0.00435643
         466    0.707782    0.801942  0.00435179
         467     0.69583    0.801715   0.0043484
         468     0.69099    0.801478  0.00434554
         469    0.695577    0.801252  0.00434213
         470    0.710246    0.801059  0.00433721
         471    0.733707    0.800916  0.00433036
         472    0.763183    0.800836  0.00432192
         473     0.79515    0.800824   0.0043128
         474    0.826181    0.800877  0.00430403
         475    0.853564    0.800988   0.0042964
         476    0.875573    0.801145  0.00429023
         477    0.891414    0.801334  0.00428541
         478    0.901038    0.801543  0.00428152
         479    0.904965    0.801759  0.00427802
         480    0.904095    0.801972  0.00427442
         481    0.899522    0.802175  0.00427034
         482    0.892373    0.802362  0.00426558
         483    0.883715     0.80253  0.00426007
         484    0.874406    0.802679  0.00425386
         485    0.865212    0.802808  0.00424704
         486    0.856783    0.802919  0.00423975
         487    0.849601    0.803014  0.00423213
         488    0.843884    0.803098  0.00422429
         489    0.839479    0.803173   0.0042163
         490     0.83573    0.803239  0.00420822
         491    0.831563    0.803297  0.00420005
         492    0.825614    0.803342  0.00419175
         493    0.816572    0.803369  0.00418334
         494    0.803768     0.80337  0.00417487
         495    0.787727    0.803338  0.00416655
         496    0.770452    0.803272  0.00415868
         497    0.755031    0.803175  0.00415145
         498    0.744561    0.803057  0.00414478
         499     0.74086    0.802932  0.00413835
         500     0.74409    0.802815  0.00413174
