           1    -5.52316    -5.52316           0
           2    -5.51122    -5.51719  0.00422264
           3    -5.48374    -5.50604  0.00952912
           4    -5.46441    -5.49563   0.0115026
           5    -5.45042    -5.48659   0.0122513
           6    -5.44006    -5.47884   0.0124239
           7    -5.43256    -5.47222   0.0122828
           8    -5.42795    -5.46669   0.0119291
           9    -5.42908    -5.46251   0.0113119
          10    -5.43145    -5.45941   0.0105985
          11    -5.43628     -5.4573  0.00984121
          12    -5.44128    -5.45597  0.00911126
          13    -5.44601     -5.4552  0.00844256
          14    -5.45003    -5.45483   0.0078476
          15    -5.45079    -5.45456  0.00732904
          16    -5.45122    -5.45435  0.00687396
          17     -5.4521    -5.45422  0.00647089
          18    -5.45137    -5.45406  0.00611333
          19    -5.45098     -5.4539  0.00579373
          20    -5.45059    -5.45374   0.0055064
          21    -5.44986    -5.45355  0.00524728
          22    -5.44901    -5.45334  0.00501284
          23    -5.44562    -5.45301  0.00480613
          24    -5.44408    -5.45264  0.00462026
          25    -5.44208    -5.45221  0.00445472
          26    -5.44325    -5.45187   0.0042967
          27     -5.4447     -5.4516  0.00414575
          28    -5.44616    -5.45141  0.00400224
          29     -5.4465    -5.45124  0.00386781
          30    -5.44595    -5.45106   0.0037429
          31    -5.44743    -5.45095    0.003624
          32    -5.44803    -5.45086  0.00351189
          33    -5.44803    -5.45077  0.00340651
          34    -5.44976    -5.45074  0.00330645
          35    -5.45037    -5.45073    0.003212
          36    -5.44982     -5.4507  0.00312288
          37    -5.44993    -5.45068  0.00303854
          38    -5.44924    -5.45065  0.00295882
          39    -5.44797    -5.45058  0.00288375
          40    -5.44879    -5.45053    0.002812
          41    -5.45095    -5.45054  0.00274344
          42    -5.45218    -5.45058   0.0026784
          43    -5.45051    -5.45058  0.00261611
          44    -5.45054    -5.45058  0.00255665
          45    -5.44865    -5.45054   0.0025002
          46    -5.44695    -5.45046  0.00244706
          47    -5.44661    -5.45038  0.00239637
          48    -5.44586    -5.45028  0.00234829
          49     -5.4467    -5.45021  0.00230151
          50    -5.44586    -5.45012  0.00225712
          51    -5.44572    -5.45004  0.00221451
          52    -5.44673    -5.44997  0.00217284
          53    -5.44593     -5.4499  0.00213318
          54     -5.4471    -5.44984   0.0020943
          55    -5.44786    -5.44981  0.00205654
          56    -5.45064    -5.44982  0.00201987
          57    -5.45286    -5.44988  0.00198513
          58    -5.45225    -5.44992  0.00195133
          59    -5.45181    -5.44995  0.00191852
          60     -5.4514    -5.44997  0.00188669
          61    -5.44951    -5.44997  0.00185578
          62    -5.44941    -5.44996  0.00182587
          63    -5.45056    -5.44997  0.00179691
          64    -5.45052    -5.44997  0.00176886
          65    -5.45032    -5.44998  0.00174165
          66    -5.44934    -5.44997  0.00171529
          67      -5.447    -5.44993  0.00169026
          68    -5.44522    -5.44986  0.00166682
          69    -5.44523    -5.44979  0.00164401
          70    -5.44503    -5.44972  0.00162193
          71    -5.44523    -5.44966  0.00160031
          72    -5.44628    -5.44961  0.00157878
          73    -5.44563    -5.44956  0.00155809
          74    -5.44464    -5.44949  0.00153846
          75    -5.44368    -5.44941  0.00151989
          76    -5.44342    -5.44933  0.00150194
          77    -5.44265    -5.44925  0.00148494
          78    -5.44219    -5.44916  0.00146866
          79    -5.44286    -5.44908  0.00145223
          80    -5.44441    -5.44902  0.00143525
          81    -5.44505    -5.44897  0.00141837
          82    -5.44691    -5.44894  0.00140129
          83    -5.44906    -5.44895  0.00138441
          84    -5.45119    -5.44897  0.00136819
          85    -5.45272    -5.44902   0.0013528
          86    -5.45184    -5.44905  0.00133747
          87     -5.4513    -5.44908  0.00132235
          88    -5.45111     -5.4491  0.00130752
          89    -5.45053    -5.44911  0.00129293
          90    -5.44908    -5.44911  0.00127857
          91    -5.44876    -5.44911  0.00126452
          92    -5.44843     -5.4491   0.0012508
          93    -5.44787    -5.44909  0.00123742
          94    -5.44743    -5.44907  0.00122438
          95    -5.44719    -5.44905  0.00121165
          96    -5.44587    -5.44902  0.00119948
          97    -5.44369    -5.44896  0.00118837
          98    -5.44548    -5.44893  0.00117678
          99    -5.44497    -5.44889  0.00116557
         100    -5.44317    -5.44883  0.00115532
         101    -5.44252    -5.44877  0.00114557
         102    -5.44192     -5.4487   0.0011363
         103    -5.44446    -5.44866  0.00112601
         104    -5.44554    -5.44863  0.00111559
         105    -5.44849    -5.44863  0.00110496
         106    -5.44958    -5.44864  0.00109458
         107    -5.44809    -5.44863  0.00108436
         108    -5.44717    -5.44862   0.0010744
         109    -5.44616     -5.4486  0.00106478
         110    -5.44528    -5.44857  0.00105553
         111    -5.44579    -5.44854  0.00104632
         112    -5.44446    -5.44851  0.00103761
         113    -5.44427    -5.44847   0.0010291
         114    -5.44383    -5.44843  0.00102088
         115    -5.44632    -5.44841  0.00101217
         116    -5.44721     -5.4484  0.00100349
         117    -5.44906     -5.4484 0.000994934
         118    -5.45116    -5.44843 0.000986776
         119    -5.45127    -5.44845 0.000978772
         120    -5.45127    -5.44848 0.000970897
         121    -5.45185     -5.4485 0.000963274
         122    -5.45095    -5.44852 0.000955587
         123    -5.45176    -5.44855  0.00094818
         124    -5.45164    -5.44857 0.000940861
         125    -5.45342    -5.44861 0.000934133
         126    -5.45537    -5.44867 0.000928258
         127    -5.45686    -5.44873 0.000923189
         128    -5.45678    -5.44879 0.000918117
         129    -5.45541    -5.44885 0.000912432
         130    -5.45593     -5.4489  0.00090704
         131    -5.45474    -5.44894  0.00090121
         132    -5.45494    -5.44899 0.000895525
         133    -5.45429    -5.44903 0.000889677
         134    -5.45238    -5.44905  0.00088339
         135    -5.45134    -5.44907 0.000877008
         136    -5.45088    -5.44908 0.000870661
         137    -5.45086     -5.4491 0.000864402
         138    -5.45027    -5.44911  0.00085818
         139    -5.44906    -5.44911 0.000852006
         140    -5.44747    -5.44909    0.000846
         141    -5.44615    -5.44907 0.000840258
         142    -5.44529    -5.44905 0.000834763
         143    -5.44361    -5.44901 0.000829792
         144    -5.44264    -5.44896 0.000825209
         145    -5.44456    -5.44893 0.000820077
         146     -5.4467    -5.44892 0.000814603
         147    -5.44752    -5.44891 0.000809116
         148    -5.44961    -5.44891 0.000803663
         149     -5.4513    -5.44893 0.000798429
         150    -5.45165    -5.44895 0.000793313
         151    -5.45172    -5.44897 0.000788271
         152    -5.45267    -5.44899 0.000783463
         153    -5.45153    -5.44901 0.000778517
         154    -5.45018    -5.44902   0.0007735
         155     -5.4475    -5.44901 0.000768571
         156    -5.44591    -5.44899   0.0007639
         157    -5.44521    -5.44896 0.000759413
         158    -5.44486    -5.44894 0.000755051
         159      -5.446    -5.44892 0.000750527
         160    -5.44766    -5.44891 0.000745878
         161    -5.44837    -5.44891 0.000741252
         162    -5.44861     -5.4489 0.000736679
         163    -5.44833     -5.4489 0.000732168
         164    -5.45067    -5.44891 0.000727783
         165    -5.45009    -5.44892 0.000723407
         166    -5.45206    -5.44894 0.000719296
         167    -5.45446    -5.44897 0.000715748
         168    -5.45525    -5.44901 0.000712462
         169    -5.45593    -5.44905 0.000709423
         170    -5.45647    -5.44909 0.000706592
         171    -5.45417    -5.44912 0.000703083
         172    -5.45209    -5.44914 0.000699207
         173    -5.45082    -5.44915 0.000695233
         174    -5.44931    -5.44915 0.000691238
         175    -5.44799    -5.44914  0.00068732
         176    -5.44521    -5.44912 0.000683777
         177    -5.44679    -5.44911 0.000680041
         178    -5.44929    -5.44911 0.000676221
         179    -5.44965    -5.44911  0.00067245
         180    -5.45019    -5.44912 0.000668741
         181    -5.44963    -5.44912 0.000665052
         182    -5.45007    -5.44913 0.000661419
         183    -5.45111    -5.44914 0.000657893
         184    -5.45162    -5.44915 0.000654456
         185     -5.4499    -5.44915 0.000650931
         186    -5.44767    -5.44915  0.00064748
         187    -5.44603    -5.44913 0.000644232
         188    -5.44646    -5.44912 0.000640961
         189    -5.44691     -5.4491 0.000637677
         190    -5.44828     -5.4491 0.000634335
         191    -5.44984     -5.4491 0.000631026
         192    -5.44831     -5.4491 0.000627753
         193    -5.44975     -5.4491 0.000624509
         194    -5.45122    -5.44911 0.000621386
         195    -5.45036    -5.44912 0.000618232
         196    -5.44966    -5.44912 0.000615084
         197    -5.45002    -5.44913 0.000611979
         198    -5.44939    -5.44913 0.000608889
         199    -5.44813    -5.44912  0.00060585
         200    -5.44712    -5.44911 0.000602904
         201    -5.44668     -5.4491 0.000600026
         202    -5.44661    -5.44909 0.000597183
         203    -5.44661    -5.44908 0.000594366
         204     -5.4475    -5.44907 0.000591502
         205    -5.45045    -5.44908 0.000588655
         206    -5.45089    -5.44908 0.000585863
         207    -5.45226     -5.4491 0.000583234
         208    -5.45192    -5.44911 0.000580588
         209    -5.45065    -5.44912 0.000577857
         210    -5.44827    -5.44912 0.000575119
         211    -5.44737    -5.44911 0.000572453
         212     -5.4462    -5.44909 0.000569917
         213    -5.44577    -5.44908 0.000567455
         214    -5.44489    -5.44906  0.00056514
         215    -5.44514    -5.44904 0.000562806
         216    -5.44539    -5.44902 0.000560455
         217    -5.44741    -5.44902 0.000557921
         218    -5.44797    -5.44901 0.000555383
         219    -5.44956    -5.44901 0.000552852
         220    -5.45037    -5.44902 0.000550373
         221    -5.45003    -5.44903 0.000547902
         222    -5.44988    -5.44903 0.000545448
         223    -5.45069    -5.44904 0.000543053
         224    -5.45086    -5.44904 0.000540689
         225     -5.4486    -5.44904  0.00053829
         226    -5.44798    -5.44904 0.000535929
         227    -5.44705    -5.44903 0.000533639
         228     -5.4479    -5.44902 0.000531321
         229    -5.44769    -5.44902 0.000529033
         230    -5.44786    -5.44901 0.000526757
         231    -5.44641      -5.449 0.000524597
         232    -5.44709    -5.44899   0.0005224
         233    -5.44828    -5.44899 0.000520167
         234    -5.44729    -5.44898 0.000517995
         235    -5.44716    -5.44898  0.00051585
         236    -5.44628    -5.44896 0.000513791
         237    -5.44601    -5.44895 0.000511774
         238    -5.44547    -5.44894 0.000509833
         239    -5.44699    -5.44893 0.000507765
         240    -5.44865    -5.44893 0.000505651
         241    -5.44916    -5.44893 0.000503553
         242    -5.44899    -5.44893 0.000501473
         243    -5.44822    -5.44893 0.000499417
         244    -5.44809    -5.44892 0.000497382
         245    -5.44934    -5.44892 0.000495355
         246    -5.44931    -5.44893 0.000493344
         247    -5.44967    -5.44893 0.000491356
         248    -5.44955    -5.44893 0.000489381
         249     -5.4508    -5.44894 0.000487473
         250    -5.45021    -5.44894 0.000485549
         251    -5.44853    -5.44894 0.000483618
         252     -5.4473    -5.44894 0.000481742
         253    -5.44703    -5.44893 0.000479897
         254    -5.44852    -5.44893  0.00047801
         255    -5.45027    -5.44893 0.000476165
         256    -5.45044    -5.44894 0.000474341
         257    -5.45072    -5.44895 0.000472546
         258    -5.44999    -5.44895 0.000470732
         259    -5.45136    -5.44896 0.000469006
         260    -5.45338    -5.44898 0.000467511
         261    -5.45562      -5.449 0.000466412
         262    -5.45484    -5.44902 0.000465163
         263    -5.45435    -5.44904 0.000463836
         264    -5.45334    -5.44906 0.000462364
         265    -5.45145    -5.44907 0.000460707
         266    -5.44815    -5.44907 0.000458988
         267    -5.44507    -5.44905 0.000457513
         268    -5.44568    -5.44904 0.000455978
         269    -5.44516    -5.44902 0.000454511
         270    -5.44397      -5.449 0.000453213
         271    -5.44397    -5.44899 0.000451922
         272    -5.44367    -5.44897 0.000450684
         273    -5.44486    -5.44895 0.000449284
         274     -5.4452    -5.44894 0.000447853
         275    -5.44507    -5.44892 0.000446446
         276    -5.44465    -5.44891 0.000445096
         277    -5.44688     -5.4489  0.00044355
         278    -5.44781     -5.4489 0.000441972
         279      -5.447    -5.44889  0.00044044
         280    -5.44723    -5.44888 0.000438907
         281    -5.44886    -5.44888 0.000437345
         282     -5.4491    -5.44889 0.000435795
         283    -5.44992    -5.44889  0.00043427
         284    -5.45014    -5.44889 0.000432763
         285    -5.44835    -5.44889 0.000431249
         286    -5.44685    -5.44888   0.0004298
         287    -5.44869    -5.44888 0.000428303
         288    -5.45024    -5.44889 0.000426842
         289    -5.44964    -5.44889 0.000425373
         290    -5.44789    -5.44889  0.00042392
         291    -5.44738    -5.44888 0.000422495
         292    -5.44663    -5.44887 0.000421118
         293    -5.44572    -5.44886 0.000419818
         294    -5.44491    -5.44885 0.000418606
         295    -5.44719    -5.44884 0.000417225
         296    -5.44869    -5.44884 0.000415816
         297    -5.45041    -5.44885 0.000414449
         298    -5.45145    -5.44886  0.00041315
         299    -5.44974    -5.44886 0.000411779
         300    -5.44808    -5.44886 0.000410414
         301    -5.44452    -5.44884 0.000409304
         302    -5.44304    -5.44882 0.000408399
         303    -5.44488    -5.44881 0.000407259
         304    -5.44477     -5.4488 0.000406136
         305    -5.44347    -5.44878 0.000405179
         306    -5.44409    -5.44877 0.000404145
         307    -5.44552    -5.44875 0.000402967
         308    -5.44568    -5.44874 0.000401782
         309    -5.44473    -5.44873 0.000400692
         310    -5.44457    -5.44872 0.000399624
         311    -5.44518    -5.44871 0.000398501
         312    -5.44588     -5.4487 0.000397327
         313    -5.44733    -5.44869 0.000396081
         314    -5.44712    -5.44869 0.000394851
         315    -5.44841    -5.44869 0.000393599
         316    -5.45187     -5.4487 0.000392482
         317    -5.45324    -5.44871 0.000391506
         318    -5.45249    -5.44872 0.000390455
         319    -5.45062    -5.44873 0.000389276
         320    -5.44876    -5.44873  0.00038806
         321    -5.44805    -5.44873 0.000386856
         322    -5.44642    -5.44872 0.000385721
         323    -5.44682    -5.44872 0.000384572
         324    -5.44799    -5.44871 0.000383392
         325    -5.44926    -5.44871 0.000382216
         326    -5.44826    -5.44871 0.000381046
         327    -5.44609    -5.44871 0.000379965
         328    -5.44609     -5.4487  0.00037889
         329    -5.44724    -5.44869 0.000377764
         330    -5.44783    -5.44869 0.000376628
         331    -5.44795    -5.44869 0.000375497
         332    -5.44737    -5.44868 0.000374387
         333     -5.4482    -5.44868 0.000373265
         334    -5.44751    -5.44868 0.000372164
         335    -5.44565    -5.44867 0.000371163
         336    -5.44407    -5.44866 0.000370311
         337    -5.44417    -5.44864 0.000369451
         338    -5.44464    -5.44863 0.000368548
         339     -5.4464    -5.44862  0.00036752
         340    -5.44667    -5.44862 0.000366484
         341    -5.44659    -5.44861 0.000365457
         342    -5.44627    -5.44861 0.000364453
         343    -5.44598     -5.4486  0.00036347
         344    -5.44778     -5.4486 0.000362422
         345    -5.44946     -5.4486  0.00036138
         346    -5.45087     -5.4486 0.000360395
         347    -5.45058    -5.44861 0.000359402
         348    -5.45071    -5.44862  0.00035842
         349    -5.45025    -5.44862 0.000357423
         350     -5.4512    -5.44863 0.000356478
         351    -5.45081    -5.44863 0.000355516
         352    -5.45041    -5.44864 0.000354542
         353     -5.4501    -5.44864 0.000353561
         354    -5.44772    -5.44864 0.000352572
         355    -5.44609    -5.44863 0.000351653
         356    -5.44559    -5.44863 0.000350769
         357    -5.44785    -5.44862 0.000349793
         358     -5.4474    -5.44862 0.000348833
         359    -5.44486    -5.44861 0.000348018
         360    -5.44544     -5.4486 0.000347163
         361    -5.44722     -5.4486 0.000346222
         362    -5.44747    -5.44859  0.00034528
         363    -5.44856    -5.44859 0.000344329
         364    -5.44793    -5.44859 0.000343388
         365    -5.44822    -5.44859 0.000342448
         366    -5.44973    -5.44859 0.000341527
         367    -5.44929     -5.4486 0.000340601
         368    -5.44791    -5.44859 0.000339681
         369    -5.44871    -5.44859  0.00033876
         370    -5.44872    -5.44859 0.000337845
         371    -5.44785    -5.44859  0.00033694
         372    -5.44846    -5.44859 0.000336035
         373    -5.44839    -5.44859 0.000335134
         374    -5.44934    -5.44859 0.000334244
         375    -5.44999     -5.4486 0.000333374
         376    -5.45164    -5.44861 0.000332585
         377    -5.45149    -5.44861 0.000331791
         378    -5.45008    -5.44862 0.000330936
         379    -5.44863    -5.44862 0.000330063
         380    -5.44946    -5.44862 0.000329202
         381    -5.44834    -5.44862 0.000328338
         382    -5.44808    -5.44862 0.000327482
         383    -5.44852    -5.44862 0.000326627
         384    -5.44714    -5.44861 0.000325799
         385    -5.44625    -5.44861 0.000325011
         386    -5.44614     -5.4486 0.000324232
         387    -5.44453    -5.44859 0.000323564
         388    -5.44486    -5.44858 0.000322873
         389     -5.4482    -5.44858 0.000322045
         390    -5.44921    -5.44858 0.000321223
         391    -5.45052    -5.44859  0.00032044
         392    -5.45034    -5.44859 0.000319654
         393    -5.44969    -5.44859 0.000318852
         394    -5.44856    -5.44859 0.000318043
         395    -5.44581    -5.44859 0.000317316
         396    -5.44508    -5.44858 0.000316638
         397    -5.44539    -5.44857 0.000315943
         398    -5.44523    -5.44856  0.00031526
         399    -5.44454    -5.44855 0.000314631
         400     -5.4452    -5.44854 0.000313956
         401    -5.44556    -5.44854 0.000313262
         402    -5.44554    -5.44853 0.000312571
         403    -5.44675    -5.44852 0.000311826
         404    -5.44625    -5.44852 0.000311105
         405    -5.44579    -5.44851  0.00031041
         406    -5.44486     -5.4485 0.000309776
         407    -5.44378    -5.44849 0.000309232
         408    -5.44416    -5.44848 0.000308656
         409    -5.44599    -5.44847 0.000307961
         410    -5.44719    -5.44847 0.000307226
         411     -5.4478    -5.44847 0.000306483
         412    -5.44732    -5.44847 0.000305752
         413    -5.44737    -5.44846 0.000305023
         414    -5.44687    -5.44846  0.00030431
         415    -5.44656    -5.44846 0.000303611
         416     -5.4464    -5.44845 0.000302922
         417    -5.44712    -5.44845 0.000302212
         418    -5.44755    -5.44844 0.000301497
         419    -5.45031    -5.44845  0.00030081
         420    -5.45102    -5.44846 0.000300156
         421    -5.45117    -5.44846 0.000299512
         422    -5.45216    -5.44847  0.00029893
         423     -5.4521    -5.44848 0.000298347
         424    -5.45103    -5.44849 0.000297704
         425    -5.44898    -5.44849 0.000297005
         426    -5.44832    -5.44849 0.000296309
         427    -5.44788    -5.44848 0.000295618
         428     -5.4466    -5.44848  0.00029496
         429    -5.44737    -5.44848 0.000294284
         430    -5.44923    -5.44848 0.000293605
         431    -5.44998    -5.44848 0.000292944
         432    -5.44813    -5.44848 0.000292267
         433    -5.44568    -5.44848 0.000291664
         434    -5.44604    -5.44847 0.000291046
         435    -5.44897    -5.44847 0.000290379
         436    -5.44876    -5.44847 0.000289714
         437     -5.4463    -5.44847 0.000289094
         438    -5.44611    -5.44846 0.000288484
         439     -5.4458    -5.44846  0.00028789
         440    -5.44552    -5.44845 0.000287313
         441    -5.44424    -5.44844  0.00028682
         442    -5.44233    -5.44843 0.000286504
         443    -5.44096    -5.44841 0.000286352
         444    -5.44246    -5.44839  0.00028602
         445    -5.44292    -5.44838 0.000285642
         446    -5.44459    -5.44837 0.000285128
         447    -5.44454    -5.44837 0.000284619
         448    -5.44469    -5.44836 0.000284102
         449    -5.44425    -5.44835 0.000283616
         450     -5.4439    -5.44834 0.000283158
         451    -5.44418    -5.44833  0.00028268
         452    -5.44513    -5.44832 0.000282143
         453    -5.44475    -5.44831 0.000281631
         454    -5.44487    -5.44831 0.000281112
         455    -5.44612     -5.4483 0.000280535
         456    -5.44732     -5.4483 0.000279928
         457    -5.44788     -5.4483 0.000279317
         458     -5.4488     -5.4483  0.00027871
         459    -5.44879     -5.4483 0.000278105
         460     -5.4495     -5.4483 0.000277512
         461    -5.44827     -5.4483  0.00027691
         462    -5.44619     -5.4483 0.000276349
         463    -5.44538    -5.44829 0.000275824
         464    -5.44372    -5.44828 0.000275405
         465    -5.44244    -5.44827   0.0002751
         466    -5.44328    -5.44826 0.000274718
         467    -5.44264    -5.44825 0.000274393
         468    -5.44484    -5.44824 0.000273903
         469    -5.44869    -5.44824 0.000273321
         470    -5.45098    -5.44825 0.000272802
         471    -5.45353    -5.44826 0.000272453
         472    -5.45583    -5.44827 0.000272348
         473    -5.45656    -5.44829 0.000272334
         474    -5.45465    -5.44831 0.000272091
         475    -5.45323    -5.44832 0.000271715
         476    -5.45246    -5.44832 0.000271284
         477       -5.45    -5.44833 0.000270738
         478    -5.44861    -5.44833 0.000270172
         479    -5.44818    -5.44833 0.000269608
         480    -5.44745    -5.44833 0.000269053
         481    -5.44886    -5.44833 0.000268496
         482    -5.45099    -5.44833 0.000267996
         483      -5.451    -5.44834 0.000267498
         484    -5.45083    -5.44834 0.000266995
         485     -5.4502    -5.44835 0.000266472
         486    -5.44845    -5.44835 0.000265923
         487    -5.45011    -5.44835 0.000265402
         488    -5.45211    -5.44836  0.00026497
         489    -5.45072    -5.44836 0.000264472
         490    -5.44954    -5.44837 0.000263944
         491    -5.45011    -5.44837  0.00026343
         492    -5.44999    -5.44837 0.000262915
         493    -5.44948    -5.44838 0.000262391
         494    -5.44695    -5.44837 0.000261876
         495    -5.44549    -5.44837 0.000261412
         496    -5.44535    -5.44836 0.000260956
         497    -5.44347    -5.44835 0.000260616
         498    -5.44537    -5.44834 0.000260162
         499    -5.44705    -5.44834 0.000259653
         500    -5.44812    -5.44834 0.000259134
