           1    -4.61713    -4.61713           0
           2     -4.5748    -4.59596   0.0149684
           3    -4.49126    -4.56106   0.0301936
           4    -4.36297    -4.51154   0.0484989
           5    -4.18389    -4.44601     0.07029
           6    -3.95059    -4.36344   0.0954594
           7    -3.65741    -4.26258    0.124156
           8    -3.30145    -4.14244    0.156306
           9    -2.87518    -4.00163    0.192165
          10    -2.37726    -3.83919    0.231643
          11    -1.81234    -3.65494    0.274246
          12    -1.19272    -3.44975    0.319046
          13   -0.542121    -3.22609    0.364568
          14    0.104024    -2.98822    0.408827
          15    0.709183    -2.74173    0.449784
          16     1.24048    -2.49284    0.485676
          17     1.67616     -2.2476    0.515315
          18     2.00449    -2.01138    0.538114
          19     2.23021    -1.78814    0.554168
          20     2.36618    -1.58042    0.564046
          21      2.4281    -1.38954    0.568569
          22      2.4373    -1.21559    0.568711
          23     2.41194    -1.05787    0.565432
          24     2.36855   -0.915104    0.559606
          25     2.31979   -0.785709    0.551979
          26     2.27027   -0.668171    0.543119
          27     2.21592   -0.561353    0.533404
          28     2.15315   -0.464406     0.52309
          29      2.0805   -0.376651     0.51236
          30     1.99856   -0.297477    0.501362
          31      1.9154   -0.226094    0.490244
          32     1.84395   -0.161405    0.479173
          33     1.78867   -0.102312    0.468282
          34     1.75026  -0.0478246    0.457668
          35     1.73243  0.00303966    0.447409
          36     1.73562    0.051167    0.437562
          37     1.76035   0.0973612    0.428168
          38     1.80752    0.142365    0.419259
          39     1.87513    0.186795    0.410856
          40     1.95469    0.230993    0.402955
          41     2.03871    0.275083    0.395531
          42     2.11172    0.318813    0.388524
          43     2.15753    0.361574    0.381834
          44     2.17269    0.402736    0.375368
          45     2.15615      0.4417    0.369043
          46     2.11356    0.478045    0.362806
          47     2.04675    0.511422    0.356619
          48     1.96518    0.541708    0.350473
          49      1.8734    0.568886    0.344373
          50     1.77901    0.593088    0.338334
          51     1.69443    0.614683    0.332389
          52     1.62642     0.63414    0.326566
          53     1.58546    0.652089    0.320897
          54     1.57785    0.669233    0.315412
          55     1.60662    0.686276    0.310138
          56     1.66814     0.70381    0.305095
          57     1.75567    0.722263      0.3003
          58     1.85997    0.741879    0.295762
          59     1.96244    0.762566    0.291472
          60     2.04222    0.783894    0.287393
          61     2.08195    0.805174    0.283468
          62     2.06707    0.825527    0.279626
          63     2.00083    0.844182    0.275809
          64     1.90286    0.860724    0.271995
          65     1.79369    0.875078    0.268189
          66     1.69079    0.887437     0.26441
          67     1.60453     0.89814     0.26068
          68     1.54284    0.907621    0.257019
          69     1.51639    0.916443    0.253446
          70     1.53438    0.925271    0.249979
          71     1.59559    0.934712    0.246636
          72     1.69428    0.945262    0.243436
          73     1.81711    0.957205    0.240394
          74     1.95489    0.970687    0.237523
          75     2.09691    0.985704    0.234831
          76     2.23463     1.00214    0.232315
          77     2.35918     1.01976    0.229965
          78     2.46148     1.03824    0.227759
          79     2.53361     1.05717    0.225661
          80      2.5708     1.07609    0.223632
          81     2.57595     1.09461    0.221636
          82     2.55804     1.11246    0.219651
          83     2.52743      1.1295    0.217665
          84     2.48741     1.14567    0.215673
          85     2.44345     1.16094    0.213676
          86     2.39778     1.17532    0.211674
          87     2.35154     1.18884    0.209673
          88     2.30623     1.20154    0.207674
          89     2.26532     1.21349    0.205684
          90     2.23223     1.22481     0.20371
          91     2.21063     1.23564     0.20176
          92     2.20435     1.24617    0.199841
          93     2.21579      1.2566    0.197964
          94      2.2476     1.26714    0.196139
          95     2.29384     1.27795    0.194371
          96     2.35094     1.28912    0.192668
          97     2.41149      1.3007    0.191029
          98      2.4681     1.31261     0.18945
          99     2.51181     1.32472    0.187924
         100     2.53526     1.33683    0.186434
         101     2.53678     1.34871    0.184966
         102     2.52212     1.36021     0.18351
         103     2.49618     1.37124     0.18206
         104     2.45974     1.38171     0.18061
         105     2.41919     1.39159     0.17916
         106     2.37554     1.40087     0.17771
         107     2.32547     1.40951    0.176259
         108     2.26798     1.41746    0.174806
         109     2.20269     1.42466    0.173351
         110     2.12824     1.43106    0.171893
         111     2.04858     1.43662    0.170434
         112     1.97127      1.4414    0.168979
         113     1.90366     1.44549    0.167533
         114     1.85332     1.44907    0.166102
         115      1.8267     1.45235     0.16469
         116     1.82411     1.45555    0.163302
         117     1.84503     1.45888     0.16194
         118     1.88163     1.46247    0.160607
         119     1.92286     1.46633    0.159304
         120     1.95348     1.47039    0.158028
         121     1.95962     1.47444    0.156774
         122     1.93572     1.47822    0.155534
         123     1.89107     1.48157    0.154306
         124     1.84495      1.4845    0.153089
         125     1.81968     1.48719    0.151888
         126     1.82715     1.48988    0.150707
         127      1.8766     1.49293    0.149551
         128     1.96511     1.49662    0.148428
         129     2.08636     1.50119    0.147348
         130     2.22486     1.50676    0.146319
         131     2.35988     1.51327    0.145347
         132     2.47063     1.52052    0.144427
         133     2.53845     1.52818    0.143544
         134     2.55807     1.53586    0.142678
         135     2.53785     1.54328    0.141814
         136     2.49101     1.55025    0.140943
         137     2.43262     1.55669    0.140061
         138     2.37118     1.56259     0.13917
         139     2.31613     1.56802    0.138275
         140     2.27221     1.57305    0.137378
         141     2.24258     1.57779    0.136486
         142     2.22995     1.58239    0.135602
         143      2.2332     1.58694     0.13473
         144     2.25058     1.59155    0.133873
         145     2.28289     1.59631    0.133035
         146     2.32886     1.60133    0.132218
         147     2.38675     1.60667    0.131427
         148     2.45538     1.61241    0.130664
         149     2.52723     1.61855    0.129931
         150     2.59699     1.62507    0.129229
         151     2.65715     1.63191    0.128553
         152     2.70175     1.63895      0.1279
         153     2.72512     1.64604    0.127261
         154     2.72349     1.65304    0.126627
         155     2.69814     1.65978    0.125989
         156     2.65432     1.66616    0.125343
         157     2.60679     1.67215    0.124688
         158     2.56627     1.67781    0.124027
         159     2.54136     1.68324    0.123366
         160      2.5337     1.68856    0.122709
         161     2.53768     1.69383     0.12206
         162     2.54833      1.6991    0.121421
         163     2.55866     1.70438     0.12079
         164     2.56187     1.70961    0.120167
         165     2.55611     1.71474    0.119548
         166     2.54386     1.71973    0.118932
         167     2.52866     1.72458    0.118319
         168     2.51353     1.72927    0.117707
         169     2.50347     1.73385      0.1171
         170     2.49879     1.73835    0.116498
         171     2.49596     1.74278    0.115901
         172      2.4898     1.74713    0.115308
         173     2.47765     1.75135    0.114719
         174     2.45552      1.7554    0.114131
         175     2.42432     1.75922    0.113543
         176     2.38933      1.7628    0.112954
         177     2.35231     1.76613    0.112365
         178     2.31911     1.76924    0.111777
         179     2.28955     1.77214     0.11119
         180     2.26475     1.77488    0.110606
         181     2.24092     1.77745    0.110025
         182     2.21572     1.77986    0.109447
         183     2.19122     1.78211    0.108872
         184     2.16906     1.78421      0.1083
         185     2.15173      1.7862    0.107733
         186     2.13999      1.7881    0.107171
         187     2.13296     1.78995    0.106613
         188     2.13046     1.79176    0.106062
         189     2.12807     1.79354    0.105515
         190      2.1255     1.79528    0.104975
         191     2.12324       1.797    0.104439
         192     2.12339      1.7987    0.103909
         193     2.12643      1.8004    0.103384
         194     2.13567     1.80213    0.102866
         195     2.15291     1.80393    0.102354
         196      2.1829     1.80586     0.10185
         197     2.22246     1.80797    0.101355
         198      2.2669     1.81029     0.10087
         199     2.30529     1.81278    0.100393
         200     2.32609     1.81535   0.0999243
         201     2.31692     1.81784   0.0994583
         202     2.27632     1.82011   0.0989919
         203     2.20758     1.82202   0.0985226
         204     2.12097     1.82348   0.0980506
         205     2.02788     1.82448   0.0975773
         206     1.93809     1.82503   0.0971052
         207     1.85808     1.82519   0.0966362
         208     1.78966     1.82502   0.0961718
         209     1.73304     1.82458   0.0957126
         210     1.68923     1.82394    0.095259
         211     1.65642     1.82314   0.0948109
         212      1.6334     1.82225   0.0943679
         213     1.61446     1.82127   0.0939299
         214     1.59765     1.82023   0.0934968
         215     1.58015     1.81911   0.0930686
         216     1.56073     1.81792   0.0926454
         217     1.53707     1.81662   0.0922275
         218     1.51004     1.81521   0.0918151
         219     1.48359      1.8137   0.0914084
         220     1.47038     1.81214   0.0910062
         221     1.48301     1.81065   0.0906066
         222     1.52798     1.80938   0.0902074
         223     1.60454     1.80846   0.0898076
         224      1.7011     1.80798   0.0894079
         225     1.80753     1.80798   0.0890106
         226     1.91037     1.80843   0.0886179
         227     1.99999     1.80927   0.0882315
         228     2.06899     1.81041   0.0878519
         229     2.11256     1.81173   0.0874781
         230     2.13049     1.81312   0.0871088
         231      2.1279     1.81448   0.0867423
         232     2.11053     1.81576   0.0863778
         233     2.08777     1.81692    0.086015
         234     2.06442     1.81798   0.0856539
         235     2.04348     1.81894   0.0852948
         236     2.01946     1.81979   0.0849376
         237     1.99055     1.82051   0.0845823
         238     1.96013      1.8211   0.0842289
         239     1.93686     1.82158   0.0838779
         240     1.93081     1.82204   0.0835297
         241     1.94712     1.82256   0.0831847
         242     1.98299     1.82322   0.0828436
         243     2.03003     1.82407    0.082507
         244     2.07241     1.82509   0.0821752
         245     2.09732      1.8262   0.0818473
         246     2.09814     1.82731    0.081522
         247     2.07277      1.8283    0.081198
         248     2.02348     1.82909   0.0808744
         249     1.95507     1.82959   0.0805512
         250     1.87753     1.82978   0.0802292
         251     1.79903     1.82966   0.0799097
         252     1.72963     1.82926   0.0795936
         253     1.67689     1.82866   0.0792813
         254     1.64723     1.82795   0.0789723
         255     1.64646     1.82724   0.0786659
         256     1.67466     1.82664   0.0783608
         257     1.72839     1.82626   0.0780568
         258     1.80038     1.82616   0.0777544
         259      1.8794     1.82636   0.0774544
         260     1.95202     1.82685    0.077158
         261       2.012     1.82756   0.0768657
         262     2.05246     1.82841   0.0765771
         263     2.07176     1.82934   0.0762915
         264      2.0703     1.83025    0.076008
         265     2.05389      1.8311   0.0757258
         266      2.0257     1.83183   0.0754447
         267     1.99639     1.83244   0.0751646
         268     1.97037     1.83296   0.0748859
         269     1.95102      1.8334   0.0746088
         270     1.94042     1.83379   0.0743336
         271     1.93428     1.83417   0.0740602
         272     1.92663      1.8345   0.0737887
         273     1.91779     1.83481    0.073519
         274     1.90797     1.83508   0.0732512
         275     1.89804     1.83531   0.0729852
         276     1.89063     1.83551    0.072721
         277     1.88513     1.83569   0.0724587
         278     1.87896     1.83584   0.0721982
         279     1.86677     1.83595   0.0719396
         280     1.84682     1.83599   0.0716826
         281     1.82018     1.83593   0.0714276
         282     1.78856     1.83577   0.0711745
         283       1.757     1.83549   0.0709235
         284     1.72987     1.83512   0.0706748
         285      1.7091     1.83467   0.0704282
         286      1.6971     1.83419   0.0701836
         287     1.69666     1.83371   0.0699406
         288     1.70945     1.83328   0.0696991
         289     1.73891     1.83296   0.0694587
         290      1.7844     1.83279   0.0692194
         291     1.84451     1.83283   0.0689816
         292     1.91543     1.83311   0.0687459
         293     1.99135     1.83365   0.0685134
         294     2.06019     1.83442   0.0682847
         295     2.11547     1.83538   0.0680599
         296     2.15344     1.83645   0.0678384
         297     2.17345     1.83758   0.0676195
         298     2.17907     1.83873   0.0674023
         299     2.17393     1.83985   0.0671862
         300     2.16062     1.84092   0.0669707
         301     2.14458     1.84193   0.0667558
         302     2.13103     1.84289   0.0665417
         303     2.12925     1.84383   0.0663288
         304     2.14566     1.84482    0.066118
         305     2.18633     1.84594   0.0659107
         306     2.24907     1.84726   0.0657085
         307     2.32614     1.84882   0.0655129
         308     2.39869     1.85061   0.0653246
         309     2.45219     1.85255   0.0651422
         310     2.47871     1.85457   0.0649633
         311     2.47199     1.85656   0.0647848
         312      2.4341     1.85841   0.0646036
         313        2.37     1.86004   0.0644178
         314      2.2894     1.86141   0.0642272
         315     2.19681     1.86248   0.0640321
         316     2.09951     1.86323   0.0638339
         317     2.00214     1.86366    0.063634
         318      1.9081      1.8638   0.0634341
         319      1.8253     1.86368   0.0632353
         320     1.75367     1.86334   0.0630387
         321     1.69385     1.86281   0.0628445
         322     1.65004     1.86215   0.0626528
         323     1.62367     1.86141   0.0624632
         324     1.61452     1.86065    0.062275
         325     1.62311     1.85992   0.0620877
         326     1.64692     1.85927   0.0619007
         327      1.6836     1.85873   0.0617137
         328     1.73209     1.85834   0.0615268
         329     1.79048     1.85814   0.0613401
         330     1.85697     1.85813   0.0611542
         331     1.93238     1.85836   0.0609699
         332     2.01821     1.85884   0.0607881
         333      2.1099     1.85959   0.0606103
         334      2.2009     1.86062   0.0604374
         335     2.28239     1.86187   0.0602701
         336     2.34661     1.86332    0.060108
         337      2.3839     1.86486   0.0599495
         338     2.38969     1.86641   0.0597922
         339     2.36271     1.86788   0.0596338
         340      2.3074     1.86917   0.0594724
         341     2.23057     1.87023   0.0593074
         342     2.14498     1.87103   0.0591395
         343      2.0593     1.87158   0.0589696
         344     1.98254     1.87191    0.058799
         345     1.91958     1.87204   0.0586288
         346     1.87812     1.87206   0.0584593
         347     1.86378     1.87204   0.0582909
         348     1.87894     1.87206   0.0581234
         349     1.92327      1.8722    0.057957
         350     1.98975     1.87254   0.0577924
         351      2.0659     1.87309   0.0576304
         352     2.13764     1.87384   0.0574715
         353     2.19456     1.87475   0.0573159
         354     2.23047     1.87576   0.0571628
         355     2.24906     1.87681   0.0570115
         356     2.25248     1.87786   0.0568611
         357     2.25114     1.87891   0.0567114
         358     2.25372     1.87996   0.0565627
         359     2.26482     1.88103   0.0564153
         360     2.29085     1.88217     0.05627
         361     2.33139     1.88341   0.0561279
         362     2.38514      1.8848     0.05599
         363     2.44117     1.88633   0.0558567
         364     2.48719     1.88798   0.0557277
         365      2.5126     1.88969   0.0556013
         366     2.51463      1.8914   0.0554755
         367     2.49681     1.89305   0.0553489
         368     2.46191     1.89459   0.0552201
         369     2.41522       1.896   0.0550885
         370     2.36486     1.89727   0.0549541
         371     2.31621      1.8984   0.0548176
         372     2.27602     1.89942   0.0546797
         373     2.25356     1.90037   0.0545413
         374      2.2508      1.9013   0.0544035
         375     2.26641     1.90228   0.0542672
         376     2.29393     1.90332   0.0541328
         377     2.32345     1.90443   0.0540007
         378     2.34584      1.9056   0.0538705
         379     2.35553     1.90679   0.0537414
         380     2.35136     1.90796   0.0536127
         381     2.33066     1.90907   0.0534835
         382     2.28907     1.91006   0.0533527
         383     2.22339     1.91088   0.0532197
         384     2.13218     1.91146   0.0530842
         385     2.02461     1.91175   0.0529472
         386     1.90952     1.91174     0.05281
         387     1.79867     1.91145   0.0526743
         388     1.70185     1.91091   0.0525413
         389     1.62755     1.91018   0.0524113
         390     1.58229     1.90934   0.0522837
         391     1.56401     1.90846   0.0521574
         392      1.5669     1.90759   0.0520316
         393     1.58448     1.90677   0.0519057
         394     1.60895     1.90601   0.0517795
         395     1.63108     1.90531   0.0516531
         396     1.64786     1.90466   0.0515268
         397     1.66196     1.90405   0.0514006
         398     1.67699     1.90348   0.0512746
         399     1.69566     1.90296   0.0511487
         400     1.72303     1.90251   0.0510229
         401     1.75834     1.90215   0.0508969
         402     1.79978      1.9019   0.0507709
         403     1.84534     1.90176   0.0506451
         404     1.89313     1.90174   0.0505198
         405     1.93612     1.90182   0.0503951
         406     1.97347       1.902   0.0502713
         407     2.00512     1.90225   0.0501484
         408     2.02869     1.90256   0.0500264
         409     2.04622     1.90291   0.0499054
         410     2.05746     1.90329   0.0497851
         411     2.06118     1.90367   0.0496654
         412     2.05331     1.90404   0.0495462
         413      2.0311     1.90434   0.0494272
         414     1.99802     1.90457   0.0493083
         415     1.96114     1.90471   0.0491897
         416     1.93017     1.90477   0.0490715
         417     1.91738      1.9048   0.0489538
         418     1.92868     1.90485   0.0488367
         419     1.96613       1.905   0.0487204
         420     2.02619     1.90529   0.0486053
         421     2.10369     1.90576   0.0484921
         422     2.18924     1.90643   0.0483818
         423     2.27569      1.9073   0.0482753
         424     2.35248     1.90835   0.0481729
         425     2.41421     1.90955   0.0480742
         426     2.45462     1.91082   0.0479784
         427     2.46837     1.91213   0.0478838
         428      2.4545      1.9134   0.0477887
         429     2.41125     1.91456   0.0476914
         430     2.34312     1.91555   0.0475909
         431     2.25885     1.91635   0.0474871
         432     2.16781     1.91693   0.0473808
         433     2.08138     1.91731   0.0472729
         434     2.00517     1.91752   0.0471644
         435     1.94023     1.91757    0.047056
         436     1.87717     1.91748   0.0469482
         437     1.81459     1.91724   0.0468413
         438     1.75062     1.91686   0.0467359
         439       1.689     1.91634   0.0466323
         440     1.63618      1.9157   0.0465307
         441     1.59842     1.91498   0.0464308
         442     1.57408     1.91421   0.0463321
         443     1.56215     1.91342   0.0462343
         444      1.5586     1.91262   0.0461371
         445     1.56119     1.91183   0.0460402
         446     1.56916     1.91106   0.0459434
         447     1.58138     1.91032   0.0458465
         448     1.59875     1.90963   0.0457495
         449     1.62005     1.90898   0.0456521
         450     1.64211     1.90839   0.0455545
         451      1.6649     1.90785   0.0454567
         452     1.68827     1.90736   0.0453587
         453     1.71169     1.90693   0.0452607
         454     1.73685     1.90656   0.0451625
         455     1.76355     1.90624   0.0450644
         456     1.78666     1.90598   0.0449663
         457     1.80581     1.90576   0.0448684
         458     1.82036     1.90558   0.0447709
         459     1.83295     1.90542   0.0446736
         460     1.84854     1.90529   0.0445766
         461     1.86971     1.90522     0.04448
         462     1.90218     1.90521   0.0443837
         463     1.94321     1.90529    0.044288
         464     1.98389     1.90546   0.0441928
         465     2.01736      1.9057   0.0440984
         466     2.03743     1.90598   0.0440047
         467     2.04582     1.90628   0.0439115
         468     2.04264     1.90658   0.0438187
         469     2.02477     1.90683   0.0437259
         470     1.99197     1.90701   0.0436333
         471     1.94846      1.9071   0.0435407
         472     1.90212     1.90709   0.0434485
         473     1.86284     1.90699   0.0433567
         474     1.84382     1.90686   0.0432655
         475     1.84886     1.90674   0.0431746
         476     1.87969     1.90668   0.0430839
         477     1.93455     1.90674   0.0429936
         478     2.00779     1.90695   0.0429042
         479     2.09928     1.90735   0.0428165
         480     2.20605     1.90797   0.0427318
         481     2.32559     1.90884   0.0426518
         482     2.45314     1.90997   0.0425782
         483     2.58344     1.91137   0.0425129
         484     2.70233       1.913   0.0424565
         485     2.79369     1.91482   0.0424078
         486     2.84462     1.91673   0.0423636
         487     2.85069     1.91865     0.04232
         488     2.82397      1.9205    0.042274
         489     2.77571     1.92225   0.0422237
         490     2.71599     1.92387   0.0421686
         491     2.65009     1.92535   0.0421086
         492     2.57493     1.92667   0.0420437
         493     2.49479     1.92782   0.0419742
         494     2.41352     1.92881   0.0419008
         495     2.33476     1.92963   0.0418241
         496     2.26315      1.9303   0.0417452
         497     2.20595     1.93085   0.0416649
         498     2.16422     1.93132   0.0415839
         499     2.13843     1.93174   0.0415026
         500     2.12921     1.93213   0.0414215
         501     2.13566     1.93254   0.0413408
         502     2.15254     1.93298   0.0412608
         503     2.17369     1.93345   0.0411815
         504     2.19332     1.93397    0.041103
         505     2.20477     1.93451   0.0410251
         506     2.20353     1.93504   0.0409475
         507     2.18554     1.93553   0.0408697
         508     2.15011     1.93595   0.0407915
         509     2.09186     1.93626   0.0407125
         510     2.01311     1.93641   0.0406329
         511     1.92113     1.93638   0.0405534
         512     1.82801     1.93617   0.0404748
         513     1.74812      1.9358   0.0403975
         514     1.69234     1.93533   0.0403217
         515     1.66414      1.9348   0.0402468
         516     1.66368     1.93428   0.0401723
         517     1.68787      1.9338   0.0400974
         518     1.73112     1.93341   0.0400219
         519     1.78336     1.93312   0.0399458
         520     1.84022     1.93294   0.0398694
         521     1.88873     1.93286    0.039793
         522     1.92186     1.93284   0.0397168
         523     1.93233     1.93284   0.0396408
         524     1.91606      1.9328   0.0395652
         525     1.87809      1.9327     0.03949
         526     1.82536     1.93249   0.0394154
         527     1.76532     1.93218   0.0393419
         528     1.70683     1.93175   0.0392697
         529     1.65629     1.93123   0.0391989
         530     1.61935     1.93064   0.0391294
         531     1.59462     1.93001   0.0390608
         532     1.58486     1.92936   0.0389928
         533     1.58721     1.92872   0.0389249
         534     1.60122      1.9281   0.0388568
         535     1.62436     1.92754   0.0387883
         536     1.65826     1.92703   0.0387192
         537      1.7058     1.92662   0.0386493
         538     1.77228     1.92634   0.0385785
         539     1.86537     1.92622   0.0385071
         540     1.98746     1.92634    0.038436
         541     2.13288     1.92672   0.0383668
         542     2.29135     1.92739    0.038302
         543     2.44427     1.92834   0.0382432
         544     2.56861     1.92952    0.038191
         545      2.6511     1.93084   0.0381439
         546     2.69307     1.93224   0.0380996
         547     2.71013     1.93366   0.0380565
         548     2.71187     1.93508   0.0380135
         549     2.70743     1.93649   0.0379703
         550     2.69874     1.93787   0.0379265
         551      2.6855     1.93923    0.037882
         552     2.66942     1.94055   0.0378364
         553     2.65161     1.94184   0.0377899
         554     2.63122     1.94308   0.0377421
         555     2.60697     1.94428   0.0376931
         556     2.57793     1.94542   0.0376425
         557     2.54144     1.94649   0.0375901
         558     2.49401     1.94747   0.0375356
         559     2.43875     1.94835   0.0374787
         560     2.38082     1.94912   0.0374197
         561      2.3253     1.94979    0.037359
         562     2.28421     1.95039   0.0372973
         563     2.26482     1.95095   0.0372352
         564     2.26982     1.95151   0.0371735
         565     2.29664     1.95212   0.0371127
         566     2.34152     1.95281   0.0370535
         567     2.39942      1.9536   0.0369966
         568      2.4658      1.9545   0.0369424
         569     2.53092     1.95551   0.0368914
         570     2.58623     1.95662   0.0368433
         571     2.62535     1.95779   0.0367973
         572     2.63624     1.95898   0.0367521
         573     2.61066     1.96011   0.0367056
         574     2.55234     1.96115   0.0366561
         575     2.47077     1.96203   0.0366031
         576     2.38572     1.96277   0.0365469
         577     2.31604     1.96338   0.0364887
         578     2.27865     1.96393   0.0364297
         579       2.274     1.96446   0.0363707
         580     2.29798     1.96504   0.0363125
         581     2.34228     1.96569   0.0362558
         582     2.39626     1.96643   0.0362011
         583     2.44839     1.96725   0.0361484
         584      2.4936     1.96815   0.0360978
         585     2.52962     1.96911   0.0360488
         586     2.55727     1.97012   0.0360013
         587     2.57488     1.97115   0.0359547
         588     2.58276     1.97219   0.0359086
         589      2.5815     1.97322   0.0358625
         590     2.56572     1.97423   0.0358158
         591     2.53777     1.97518   0.0357679
         592      2.4954     1.97606   0.0357182
         593     2.44214     1.97684   0.0356666
         594     2.38563     1.97753   0.0356132
         595     2.33224     1.97813   0.0355584
         596     2.28784     1.97865   0.0355025
         597     2.25743     1.97912   0.0354461
         598     2.24349     1.97956   0.0353896
         599     2.23786     1.97999   0.0353331
         600     2.23331     1.98041   0.0352768
         601     2.21992     1.98081   0.0352203
         602     2.19581     1.98117   0.0351636
         603     2.15712     1.98146   0.0351065
         604     2.10769     1.98167    0.035049
         605     2.05603     1.98179   0.0349913
         606     2.00757     1.98183   0.0349336
         607     1.97264     1.98182    0.034876
         608     1.95982     1.98178   0.0348187
         609     1.96929     1.98176   0.0347615
         610      1.9999     1.98179   0.0347046
         611     2.04745      1.9819   0.0346479
         612     2.10573      1.9821   0.0345919
         613     2.16269     1.98239   0.0345367
         614     2.20995     1.98277   0.0344825
         615     2.24218     1.98319    0.034429
         616     2.25963     1.98364    0.034376
         617     2.26197     1.98409   0.0343233
         618     2.25133     1.98452   0.0342704
         619     2.22597     1.98491   0.0342173
         620     2.18555     1.98523   0.0341636
         621     2.13395     1.98547   0.0341095
         622     2.07712     1.98562   0.0340549
         623     2.02519     1.98568   0.0340003
         624     1.99257     1.98569   0.0339459
         625     1.98589     1.98569   0.0338915
         626     2.00803     1.98573   0.0338374
         627     2.05244     1.98584   0.0337836
         628     2.10917     1.98603   0.0337304
         629     2.17095     1.98633   0.0336781
         630     2.23595     1.98672   0.0336269
         631     2.30061     1.98722   0.0335773
         632      2.3651     1.98782   0.0335295
         633     2.42687     1.98851   0.0334837
         634     2.48438     1.98929     0.03344
         635     2.53003     1.99015   0.0333982
         636     2.55862     1.99104   0.0333577
         637     2.56118     1.99194   0.0333173
         638     2.52928     1.99278   0.0332757
         639     2.46287     1.99351   0.0332318
         640     2.37339     1.99411   0.0331852
         641     2.27729     1.99455   0.0331363
         642     2.19337     1.99486   0.0330862
         643     2.13429     1.99507   0.0330354
         644     2.10543     1.99525   0.0329846
         645     2.10395     1.99541   0.0329338
         646     2.12194     1.99561   0.0328834
         647      2.1491     1.99585   0.0328335
         648     2.17192     1.99612   0.0327839
         649     2.18703     1.99641   0.0327347
         650     2.19279     1.99672   0.0326858
         651     2.19339     1.99702    0.032637
         652     2.19267     1.99732   0.0325883
         653     2.19686     1.99762   0.0325398
         654     2.21027     1.99795   0.0324917
         655     2.23034      1.9983    0.032444
         656     2.25493     1.99869   0.0323969
         657     2.27351     1.99911   0.0323503
         658     2.27834     1.99954   0.0323039
         659     2.26424     1.99994   0.0322574
         660     2.22126     2.00027   0.0322103
         661     2.15178      2.0005   0.0321624
         662     2.06446      2.0006   0.0321139
         663     1.96718     2.00055   0.0320655
         664     1.87176     2.00036   0.0320178
         665     1.78616     2.00003   0.0319713
         666      1.7186     1.99961   0.0319261
         667     1.67813     1.99913   0.0318818
         668     1.66636     1.99863    0.031838
         669     1.68251     1.99816   0.0317939
         670      1.7222     1.99775   0.0317491
         671     1.77746     1.99742   0.0317035
         672     1.84039     1.99718   0.0316572
         673     1.90268     1.99704   0.0316105
         674     1.96273     1.99699   0.0315636
         675     2.02101     1.99703   0.0315169
         676     2.08461     1.99716   0.0314705
         677     2.16029      1.9974    0.031425
         678     2.25065     1.99777   0.0313808
         679     2.35291      1.9983    0.031339
         680     2.45891     1.99897   0.0313002
         681      2.5595      1.9998   0.0312651
         682     2.63976     2.00073   0.0312333
         683     2.69163     2.00175   0.0312039
         684     2.71128     2.00278   0.0311756
         685     2.69883      2.0038   0.0311466
         686     2.65653     2.00475   0.0311157
         687     2.59017      2.0056   0.0310821
         688     2.50402     2.00633   0.0310454
         689     2.40446     2.00691   0.0310057
         690     2.29761     2.00733   0.0309636
         691     2.19217     2.00759     0.03092
         692     2.09652     2.00772   0.0308755
         693     2.02093     2.00774    0.030831
         694     1.97146     2.00769   0.0307866
         695     1.94611      2.0076   0.0307424
         696     1.94378     2.00751   0.0306984
         697     1.95729     2.00744   0.0306545
         698     1.97977      2.0074   0.0306106
         699     2.00537     2.00739   0.0305668
         700     2.03172     2.00743   0.0305231
         701     2.06116     2.00751   0.0304797
         702     2.09334     2.00763   0.0304365
         703     2.13249     2.00781   0.0303937
         704     2.17951     2.00805   0.0303515
         705     2.22964     2.00836   0.0303101
         706      2.2785     2.00875   0.0302696
         707     2.31855     2.00919   0.0302299
         708     2.34213     2.00966   0.0301909
         709     2.33947     2.01012   0.0301519
         710     2.30332     2.01053   0.0301123
         711     2.23792     2.01085   0.0300716
         712      2.1514     2.01105     0.03003
         713     2.06025     2.01112    0.029988
         714     1.97841     2.01107    0.029946
         715     1.91847     2.01094   0.0299044
         716     1.88518     2.01077   0.0298632
         717     1.88043     2.01059   0.0298221
         718     1.90383     2.01044   0.0297809
         719     1.95183     2.01036   0.0297396
         720     2.02215     2.01037   0.0296983
         721     2.10635     2.01051   0.0296574
         722     2.19666     2.01076   0.0296175
         723     2.28008     2.01114   0.0295788
         724     2.33931     2.01159   0.0295415
         725     2.36186     2.01207   0.0295047
         726     2.34647     2.01253   0.0294676
         727     2.29663     2.01292   0.0294297
         728     2.22484     2.01322   0.0293907
         729     2.14645      2.0134   0.0293509
         730     2.07785     2.01349   0.0293109
         731     2.03339     2.01351   0.0292708
         732     2.02037     2.01352   0.0292308
         733     2.04195     2.01356   0.0291909
         734     2.09904     2.01368   0.0291514
         735     2.18363     2.01391   0.0291127
         736     2.28689     2.01428   0.0290755
         737     2.39362      2.0148   0.0290406
         738     2.48642     2.01543   0.0290082
         739     2.54909     2.01616    0.028978
         740      2.5696      2.0169   0.0289485
         741     2.54239     2.01761   0.0289181
         742     2.46807     2.01822   0.0288855
         743     2.36364     2.01869   0.0288504
         744     2.24819     2.01899   0.0288132
         745     2.14172     2.01916    0.028775
         746      2.0564     2.01921   0.0287365
         747     1.99772     2.01918    0.028698
         748     1.96558     2.01911   0.0286598
         749     1.95174     2.01902   0.0286216
         750     1.95084     2.01893   0.0285836
         751     1.95359     2.01884   0.0285457
         752     1.95895     2.01876   0.0285078
         753     1.97327      2.0187     0.02847
         754     2.00175     2.01868   0.0284323
         755      2.0446     2.01871   0.0283947
         756     2.10143     2.01882   0.0283573
         757     2.16666     2.01902   0.0283205
         758     2.23263      2.0193   0.0282846
         759     2.28712     2.01965   0.0282495
         760     2.32548     2.02005   0.0282152
         761     2.34333     2.02048   0.0281813
         762     2.34195      2.0209   0.0281475
         763     2.32537      2.0213   0.0281134
         764     2.29475     2.02166   0.0280789
         765     2.24975     2.02196   0.0280438
         766     2.19585     2.02218   0.0280081
         767     2.13997     2.02234    0.027972
         768     2.09094     2.02243   0.0279357
         769     2.05387     2.02247   0.0278994
         770     2.03472     2.02248   0.0278632
         771     2.02844     2.02249   0.0278271
         772     2.02608     2.02249    0.027791
         773     2.01851     2.02249   0.0277551
         774       2.003     2.02246   0.0277192
         775      1.9756      2.0224   0.0276835
         776      1.9465     2.02231    0.027648
         777     1.92418     2.02218   0.0276127
         778     1.91538     2.02204   0.0275776
         779     1.92355     2.02192   0.0275425
         780     1.95094     2.02183   0.0275073
         781     1.99284     2.02179   0.0274721
         782     2.04496     2.02182    0.027437
         783     2.09317     2.02191   0.0274021
         784     2.13304     2.02205   0.0273675
         785     2.15591     2.02222   0.0273332
         786     2.15851     2.02239   0.0272989
         787     2.14348     2.02255   0.0272647
         788     2.11452     2.02267   0.0272303
         789     2.07288     2.02273   0.0271959
         790     2.02445     2.02273   0.0271615
         791     1.97562     2.02267   0.0271272
         792     1.93338     2.02256   0.0270932
         793     1.90306     2.02241   0.0270594
         794     1.89018     2.02224   0.0270259
         795     1.89773     2.02208   0.0269923
         796     1.92089     2.02196   0.0269587
         797     1.95084     2.02187    0.026925
         798     1.97586     2.02181   0.0268914
         799     1.98354     2.02176   0.0268578
         800     1.97203      2.0217   0.0268243
         801     1.95268     2.02161   0.0267909
         802     1.93792     2.02151   0.0267577
         803     1.93526      2.0214   0.0267246
         804     1.94949     2.02131   0.0266915
         805     1.97551     2.02126   0.0266584
         806     2.00413     2.02124   0.0266253
         807     2.02754     2.02124   0.0265924
         808     2.04223     2.02127   0.0265595
         809     2.04584      2.0213   0.0265266
         810     2.04198     2.02132   0.0264939
         811     2.02783     2.02133   0.0264612
         812     2.00658     2.02131   0.0264287
         813     1.97425     2.02126   0.0263962
         814      1.9335     2.02115    0.026364
         815     1.89175     2.02099   0.0263321
         816     1.85457     2.02079   0.0263007
         817     1.82629     2.02055   0.0262695
         818     1.81008     2.02029   0.0262387
         819     1.80603     2.02003    0.026208
         820     1.81117     2.01977   0.0261772
         821     1.82499     2.01954   0.0261464
         822     1.85077     2.01933   0.0261154
         823     1.89059     2.01918   0.0260842
         824     1.94718     2.01909   0.0260526
         825     2.01652     2.01909   0.0260211
         826     2.09569     2.01918   0.0259897
         827     2.18054     2.01937    0.025959
         828     2.26141     2.01967   0.0259293
         829     2.32924     2.02004   0.0259007
         830     2.37605     2.02047   0.0258731
         831     2.39693     2.02092   0.0258459
         832     2.38996     2.02136   0.0258187
         833     2.35878     2.02177   0.0257908
         834     2.30777     2.02211   0.0257622
         835     2.24241     2.02238   0.0257327
         836     2.17055     2.02255   0.0257025
         837     2.10106     2.02265    0.025672
         838     2.04198     2.02267   0.0256414
         839     1.99567     2.02264   0.0256108
         840     1.95951     2.02256   0.0255804
         841     1.93405     2.02246   0.0255502
         842      1.9125     2.02233   0.0255202
         843     1.89029     2.02217   0.0254904
         844     1.86956     2.02199   0.0254609
         845      1.8513     2.02179   0.0254315
         846     1.83723     2.02157   0.0254024
         847     1.82903     2.02134   0.0253734
         848     1.82923     2.02112   0.0253445
         849     1.83793      2.0209   0.0253156
         850     1.84769      2.0207   0.0252866
         851     1.85767      2.0205   0.0252577
         852     1.86497     2.02032   0.0252287
         853     1.86858     2.02014   0.0251997
         854     1.86817     2.01997   0.0251708
         855     1.86637     2.01979    0.025142
         856     1.86504     2.01961   0.0251133
         857      1.8691     2.01943   0.0250846
         858     1.87782     2.01927   0.0250559
         859     1.89011     2.01911   0.0250272
         860      1.9073     2.01898   0.0249985
         861     1.92946     2.01888   0.0249696
         862     1.95326      2.0188   0.0249408
         863     1.97901     2.01876   0.0249119
         864     2.00772     2.01875   0.0248831
         865     2.04471     2.01878   0.0248543
         866     2.08893     2.01886   0.0248258
         867     2.14084       2.019   0.0247975
         868     2.19848      2.0192   0.0247698
         869     2.25398     2.01947   0.0247428
         870     2.29941      2.0198   0.0247165
         871     2.32855     2.02015   0.0246906
         872      2.3393     2.02052    0.024665
         873      2.3312     2.02087   0.0246393
         874     2.30847      2.0212   0.0246133
         875     2.27304     2.02149   0.0245869
         876     2.22883     2.02173     0.02456
         877     2.17533      2.0219   0.0245326
         878     2.11215       2.022   0.0245049
         879     2.04949     2.02204    0.024477
         880     1.99043       2.022   0.0244492
         881     1.94271     2.02191   0.0244216
         882     1.91404     2.02179   0.0243942
         883     1.90751     2.02166    0.024367
         884     1.92054     2.02154   0.0243397
         885     1.94237     2.02145   0.0243123
         886     1.96283     2.02139    0.024285
         887     1.97525     2.02134   0.0242577
         888     1.98264     2.02129   0.0242304
         889     1.98626     2.02125   0.0242032
         890     1.99167     2.02122    0.024176
         891     1.99843     2.02119   0.0241489
         892     2.00899     2.02118   0.0241218
         893     2.01386     2.02117   0.0240948
         894     2.00532     2.02115   0.0240678
         895     1.97907     2.02111    0.024041
         896     1.93614     2.02101   0.0240143
         897     1.87906     2.02085   0.0239881
         898     1.81328     2.02062   0.0239625
         899     1.74732     2.02032   0.0239378
         900     1.68937     2.01995    0.023914
         901     1.64905     2.01954    0.023891
         902      1.6301     2.01911   0.0238684
         903     1.63007     2.01868   0.0238459
         904     1.64743     2.01827    0.023823
         905     1.67521     2.01789   0.0237997
         906     1.70997     2.01755   0.0237759
         907     1.74099     2.01724   0.0237516
         908     1.76047     2.01696   0.0237271
         909     1.76848     2.01669   0.0237026
         910     1.76396     2.01641   0.0236782
         911     1.75087     2.01612    0.023654
         912     1.73207     2.01581   0.0236301
         913     1.70935     2.01547   0.0236066
         914     1.68434     2.01511   0.0235836
         915     1.66243     2.01472   0.0235609
         916     1.64335     2.01432   0.0235387
         917     1.63105      2.0139   0.0235167
         918     1.62796     2.01348   0.0234949
         919     1.63103     2.01306    0.023473
         920      1.6377     2.01265    0.023451
         921     1.64303     2.01225    0.023429
         922     1.64044     2.01185   0.0234071
         923     1.62978     2.01144   0.0233854
         924     1.60988       2.011   0.0233641
         925     1.58276     2.01054   0.0233434
         926     1.54911     2.01004   0.0233235
         927     1.51156      2.0095   0.0233046
         928     1.47109     2.00892   0.0232867
         929     1.43369      2.0083   0.0232698
         930     1.40556     2.00765   0.0232538
         931      1.3925     2.00699   0.0232383
         932     1.39985     2.00634   0.0232225
         933     1.42909     2.00572   0.0232058
         934      1.4813     2.00516   0.0231877
         935     1.55512     2.00468   0.0231679
         936     1.64478      2.0043   0.0231464
         937     1.74786     2.00402   0.0231233
         938     1.86232     2.00387   0.0230991
         939     1.98481     2.00385   0.0230745
         940     2.11474     2.00397   0.0230503
         941     2.25017     2.00423   0.0230273
         942     2.38746     2.00464   0.0230064
         943     2.51915     2.00518   0.0229885
         944     2.63951     2.00586    0.022974
         945     2.73581     2.00663   0.0229627
         946     2.79805     2.00746   0.0229536
         947     2.82093     2.00832   0.0229454
         948     2.80811     2.00917   0.0229367
         949     2.76775     2.00997   0.0229265
         950     2.70598      2.0107   0.0229141
         951     2.62781     2.01135   0.0228992
         952     2.53583      2.0119   0.0228817
         953      2.4299     2.01234   0.0228619
         954     2.32086     2.01266   0.0228402
         955     2.21962     2.01288   0.0228174
         956     2.13817     2.01301   0.0227939
         957      2.0854     2.01308   0.0227702
         958     2.06162     2.01313   0.0227465
         959     2.06448     2.01319   0.0227228
         960       2.089     2.01327   0.0226993
         961     2.13073     2.01339    0.022676
         962     2.18068     2.01356   0.0226531
         963     2.23252     2.01379   0.0226307
         964     2.27803     2.01407   0.0226089
         965     2.30923     2.01437   0.0225875
         966      2.3182     2.01469   0.0225663
         967     2.30149     2.01498   0.0225449
         968     2.26186     2.01524   0.0225231
         969     2.20945     2.01544   0.0225007
         970     2.15291     2.01558    0.022478
         971     2.10044     2.01567    0.022455
         972     2.05392     2.01571   0.0224319
         973     2.01087      2.0157   0.0224089
         974      1.9689     2.01565   0.0223859
         975     1.92364     2.01556   0.0223632
         976     1.87237     2.01541   0.0223407
         977     1.82544     2.01522   0.0223187
         978     1.78932     2.01499   0.0222971
         979     1.77462     2.01474   0.0222757
         980     1.78803     2.01451   0.0222541
         981     1.82985     2.01432   0.0222323
         982     1.89188      2.0142     0.02221
         983     1.96118     2.01414   0.0221874
         984      2.0308     2.01416   0.0221649
         985     2.09279     2.01424   0.0221425
         986      2.1437     2.01437   0.0221205
         987     2.18103     2.01454   0.0220987
         988     2.20291     2.01473   0.0220772
         989      2.2056     2.01492   0.0220557
         990     2.18765      2.0151   0.0220341
         991     2.15438     2.01524   0.0220123
         992     2.10528     2.01533   0.0219903
         993     2.04624     2.01536   0.0219682
         994     1.98156     2.01533   0.0219461
         995      1.9176     2.01523   0.0219243
         996     1.85786     2.01507   0.0219028
         997     1.80309     2.01486   0.0218819
         998     1.75416      2.0146   0.0218615
         999     1.71091     2.01429   0.0218417
        1000     1.67388     2.01395   0.0218226
        1001     1.64409     2.01358   0.0218039
        1002     1.62548     2.01319   0.0217856
        1003     1.61852      2.0128   0.0217674
        1004     1.62372     2.01241   0.0217492
        1005     1.64028     2.01204   0.0217307
        1006     1.66583      2.0117   0.0217118
        1007     1.69608     2.01139   0.0216925
        1008     1.72491      2.0111   0.0216728
        1009     1.74767     2.01084   0.0216529
        1010     1.76464      2.0106   0.0216329
        1011     1.76957     2.01036   0.0216128
        1012     1.76077     2.01011   0.0215928
        1013     1.73944     2.00984   0.0215732
        1014     1.70632     2.00955    0.021554
        1015      1.6708     2.00921   0.0215353
        1016     1.64195     2.00885   0.0215172
        1017     1.62427     2.00847   0.0214993
        1018     1.61865     2.00809   0.0214816
        1019     1.62578     2.00771   0.0214638
        1020     1.63873     2.00735   0.0214458
        1021     1.64862       2.007   0.0214277
        1022     1.65036     2.00665   0.0214096
        1023      1.6409     2.00629   0.0213916
        1024     1.62801     2.00593   0.0213739
        1025     1.61966     2.00555   0.0213564
        1026     1.62354     2.00518   0.0213388
        1027     1.64607     2.00483   0.0213209
        1028     1.68981     2.00452   0.0213024
        1029      1.7533     2.00428   0.0212831
        1030     1.82876     2.00411   0.0212631
        1031     1.90976     2.00401   0.0212427
        1032     1.98663       2.004   0.0212221
        1033     2.05479     2.00405   0.0212016
        1034     2.11269     2.00415   0.0211813
        1035     2.16052      2.0043   0.0211614
        1036     2.20353     2.00449   0.0211419
        1037      2.2424     2.00472   0.0211227
        1038     2.27799     2.00499    0.021104
        1039     2.30585     2.00528   0.0210857
        1040     2.31921     2.00558   0.0210676
        1041     2.31708     2.00588   0.0210495
        1042     2.29835     2.00616   0.0210311
        1043      2.2647     2.00641   0.0210124
        1044     2.21763     2.00661   0.0209933
        1045     2.15843     2.00675   0.0209737
        1046     2.09303     2.00684   0.0209538
        1047     2.02625     2.00686   0.0209338
        1048     1.96122     2.00681   0.0209139
        1049     1.89945     2.00671   0.0208942
        1050     1.84549     2.00656   0.0208748
        1051     1.80211     2.00636   0.0208559
        1052     1.77025     2.00614   0.0208373
        1053     1.74839     2.00589   0.0208189
        1054     1.73012     2.00563   0.0208008
        1055      1.7096     2.00535    0.020783
        1056     1.68587     2.00505   0.0207655
        1057     1.66279     2.00472   0.0207484
        1058     1.64629     2.00438   0.0207315
        1059     1.64657     2.00405   0.0207147
        1060      1.6617     2.00372   0.0206977
        1061     1.68547     2.00342   0.0206804
        1062     1.71478     2.00315   0.0206627
        1063     1.74083     2.00291   0.0206447
        1064     1.75606     2.00267   0.0206266
        1065     1.75726     2.00244   0.0206085
        1066     1.74058      2.0022   0.0205907
        1067     1.70585     2.00192   0.0205732
        1068     1.65897      2.0016   0.0205565
        1069     1.60425     2.00123   0.0205406
        1070     1.55232     2.00081   0.0205257
        1071     1.51534     2.00035   0.0205115
        1072     1.50342     1.99989   0.0204976
        1073     1.52396     1.99945   0.0204833
        1074     1.57654     1.99905   0.0204681
        1075     1.65427     1.99873   0.0204515
        1076     1.74288     1.99849   0.0204339
        1077     1.81856     1.99833   0.0204156
        1078     1.85856      1.9982   0.0203971
        1079     1.84735     1.99806   0.0203787
        1080     1.78854     1.99786   0.0203607
        1081     1.69713     1.99759   0.0203438
        1082     1.58903     1.99721   0.0203285
        1083     1.48757     1.99674   0.0203152
        1084     1.41189      1.9962   0.0203036
        1085      1.3766     1.99563   0.0202929
        1086     1.38818     1.99507   0.0202819
        1087     1.44714     1.99456   0.0202695
        1088     1.54521     1.99415   0.0202551
        1089     1.67085     1.99385   0.0202387
        1090     1.80342     1.99368   0.0202209
        1091     1.92441     1.99362   0.0202024
        1092     2.01387     1.99363   0.0201839
        1093     2.05781     1.99369   0.0201656
        1094     2.05485     1.99375   0.0201472
        1095     2.00935     1.99376   0.0201288
        1096     1.93457     1.99371   0.0201105
        1097     1.84744     1.99358   0.0200926
        1098     1.76391     1.99337   0.0200754
        1099     1.69637      1.9931    0.020059
        1100     1.65463     1.99279   0.0200431
        1101     1.64512     1.99247   0.0200274
        1102     1.67178     1.99218   0.0200113
        1103     1.72775     1.99194   0.0199946
        1104     1.80517     1.99177   0.0199772
        1105     1.89437     1.99168   0.0199593
        1106     1.98227     1.99168   0.0199413
        1107      2.0621     1.99174   0.0199234
        1108     2.12802     1.99186   0.0199058
        1109     2.17698     1.99203   0.0198885
        1110      2.2117     1.99223   0.0198716
        1111     2.23131     1.99244   0.0198549
        1112     2.24184     1.99267   0.0198383
        1113     2.24554     1.99289   0.0198217
        1114     2.24555     1.99312   0.0198053
        1115     2.23871     1.99334   0.0197887
        1116      2.2198     1.99354    0.019772
        1117     2.18323     1.99371   0.0197551
        1118     2.13492     1.99384   0.0197378
        1119      2.0846     1.99392   0.0197203
        1120      2.0406     1.99396   0.0197027
        1121     2.01301     1.99398   0.0196852
        1122     2.00479     1.99399   0.0196676
        1123     2.01526     1.99401   0.0196501
        1124     2.03209     1.99404   0.0196327
        1125     2.04485     1.99409   0.0196153
        1126     2.04462     1.99413   0.0195979
        1127     2.02692     1.99416   0.0195805
        1128     1.99606     1.99416   0.0195632
        1129     1.96423     1.99414   0.0195459
        1130     1.94384     1.99409   0.0195286
        1131     1.94669     1.99405   0.0195114
        1132     1.98027     1.99404   0.0194942
        1133     2.04116     1.99408    0.019477
        1134      2.1218     1.99419   0.0194602
        1135     2.20767     1.99438   0.0194439
        1136     2.28162     1.99463   0.0194285
        1137     2.33169     1.99493   0.0194136
        1138     2.35479     1.99525   0.0193991
        1139     2.35716     1.99556   0.0193847
        1140     2.35259     1.99588   0.0193702
        1141     2.34812     1.99619   0.0193557
        1142     2.34565     1.99649   0.0193412
        1143     2.33964     1.99679   0.0193266
        1144      2.3281     1.99708   0.0193119
        1145     2.30774     1.99735   0.0192969
        1146     2.27599      1.9976   0.0192816
        1147     2.23497      1.9978   0.0192659
        1148     2.19038     1.99797   0.0192499
        1149      2.1456      1.9981   0.0192335
        1150      2.1083     1.99819    0.019217
        1151     2.07966     1.99827   0.0192005
        1152     2.06688     1.99833   0.0191839
        1153     2.06897     1.99839   0.0191674
        1154     2.08352     1.99846   0.0191509
        1155     2.11061     1.99856   0.0191346
        1156     2.14661     1.99869   0.0191184
        1157     2.18977     1.99885   0.0191026
        1158     2.23739     1.99906   0.0190872
        1159     2.28485      1.9993   0.0190724
        1160     2.32466     1.99958    0.019058
        1161      2.3512     1.99989    0.019044
        1162     2.35887      2.0002   0.0190301
        1163     2.34802     2.00049   0.0190161
        1164     2.32015     2.00077   0.0190017
        1165     2.28307     2.00101    0.018987
        1166      2.2475     2.00122   0.0189719
        1167     2.21787     2.00141   0.0189565
        1168     2.20162     2.00158   0.0189411
        1169     2.19703     2.00175   0.0189256
        1170      2.2047     2.00192   0.0189102
        1171     2.22248     2.00211    0.018895
        1172     2.24597     2.00232     0.01888
        1173      2.2698     2.00254   0.0188653
        1174     2.29138     2.00279   0.0188508
        1175     2.30488     2.00305   0.0188365
        1176     2.30876     2.00331   0.0188223
        1177     2.29972     2.00356    0.018808
        1178     2.28002     2.00379   0.0187935
        1179     2.24988       2.004   0.0187787
        1180     2.21173     2.00418   0.0187636
        1181        2.17     2.00432   0.0187483
        1182     2.12276     2.00442   0.0187327
        1183     2.07758     2.00448    0.018717
        1184     2.04328     2.00451   0.0187012
        1185      2.0253     2.00453   0.0186854
        1186     2.03113     2.00455   0.0186697
        1187     2.06083      2.0046    0.018654
        1188     2.11145     2.00469   0.0186385
        1189     2.17212     2.00483   0.0186234
        1190     2.22848     2.00502   0.0186087
        1191     2.26942     2.00524   0.0185944
        1192     2.29256     2.00548   0.0185803
        1193     2.30293     2.00573   0.0185664
        1194     2.30709     2.00599   0.0185526
        1195     2.30967     2.00624   0.0185388
        1196     2.31419      2.0065   0.0185251
        1197     2.31631     2.00676   0.0185114
        1198     2.31943     2.00702   0.0184978
        1199     2.32054     2.00728   0.0184842
        1200     2.32233     2.00754   0.0184707
        1201     2.32928     2.00781   0.0184573
        1202     2.34535     2.00809    0.018444
        1203     2.37298     2.00839   0.0184312
        1204     2.41385     2.00873    0.018419
        1205     2.46611     2.00911   0.0184076
        1206     2.52804     2.00954   0.0183974
        1207     2.59119     2.01002   0.0183884
        1208     2.64632     2.01055   0.0183807
        1209     2.68522     2.01111    0.018374
        1210     2.70136     2.01168   0.0183677
        1211     2.69411     2.01224   0.0183612
        1212     2.66805     2.01278    0.018354
        1213     2.63057     2.01329   0.0183459
        1214     2.58794     2.01376   0.0183369
        1215     2.54464      2.0142    0.018327
        1216     2.50547      2.0146   0.0183164
        1217     2.47323     2.01498   0.0183052
        1218     2.44834     2.01534   0.0182937
        1219     2.42828     2.01568   0.0182818
        1220     2.41088       2.016   0.0182697
        1221     2.39472     2.01631   0.0182573
        1222     2.37791     2.01661   0.0182448
        1223     2.35967     2.01689    0.018232
        1224     2.33661     2.01715    0.018219
        1225     2.31157     2.01739   0.0182057
        1226     2.28323     2.01761   0.0181922
        1227     2.25355      2.0178   0.0181784
        1228     2.22238     2.01796   0.0181643
        1229     2.19432     2.01811   0.0181501
        1230     2.17433     2.01823   0.0181358
        1231       2.163     2.01835   0.0181214
        1232     2.15825     2.01847   0.0181071
        1233     2.16016     2.01858   0.0180928
        1234     2.16637      2.0187   0.0180785
        1235     2.17631     2.01883   0.0180643
        1236     2.18923     2.01897   0.0180502
        1237     2.20314     2.01911   0.0180362
        1238     2.22127     2.01928   0.0180224
        1239     2.24547     2.01946   0.0180088
        1240     2.28099     2.01967   0.0179955
        1241      2.3329     2.01992   0.0179828
        1242     2.40277     2.02023   0.0179709
        1243     2.48977     2.02061   0.0179604
        1244     2.58936     2.02107   0.0179518
        1245     2.68845      2.0216   0.0179454
        1246     2.77021      2.0222   0.0179411
        1247     2.81869     2.02284    0.017938
        1248     2.82687     2.02349   0.0179352
        1249     2.79822     2.02411   0.0179316
        1250     2.73952     2.02468   0.0179264
        1251     2.66305     2.02519   0.0179193
        1252     2.57694     2.02563   0.0179104
        1253     2.49014       2.026      0.0179
        1254     2.40995     2.02631   0.0178883
        1255     2.34328     2.02656   0.0178758
        1256     2.29267     2.02677   0.0178629
        1257     2.25899     2.02696   0.0178496
        1258     2.23846     2.02712   0.0178362
        1259     2.22555     2.02728   0.0178227
        1260     2.21635     2.02743   0.0178092
        1261     2.20148     2.02757   0.0177956
        1262     2.17544     2.02769   0.0177819
        1263     2.13196     2.02777    0.017768
        1264     2.07007      2.0278    0.017754
        1265     1.99722     2.02778     0.01774
        1266      1.9268      2.0277   0.0177262
        1267     1.87366     2.02758   0.0177126
        1268     1.84866     2.02744   0.0176992
        1269     1.85144      2.0273   0.0176858
        1270      1.8664     2.02717   0.0176723
        1271      1.8724     2.02705   0.0176588
        1272     1.85715     2.02692   0.0176454
        1273     1.83119     2.02676   0.0176322
        1274     1.81142     2.02659   0.0176192
        1275     1.81011     2.02642   0.0176062
        1276     1.83093     2.02627   0.0175931
        1277     1.86976     2.02615   0.0175797
        1278     1.91995     2.02606   0.0175662
        1279     1.97251     2.02602   0.0175525
        1280     2.01932     2.02602   0.0175388
        1281     2.04962     2.02604   0.0175251
        1282     2.05933     2.02606   0.0175114
        1283     2.05319     2.02608   0.0174978
        1284     2.03824     2.02609   0.0174842
        1285     2.02463     2.02609   0.0174706
        1286     2.01851     2.02609    0.017457
        1287     2.02112     2.02608   0.0174434
        1288     2.03026     2.02609   0.0174299
        1289      2.0417      2.0261   0.0174164
        1290     2.04928     2.02612   0.0174029
        1291      2.0518     2.02614   0.0173894
        1292     2.05551     2.02616    0.017376
        1293     2.06865     2.02619   0.0173626
        1294      2.0925     2.02624   0.0173492
        1295     2.12172     2.02632    0.017336
        1296     2.14862     2.02641   0.0173229
        1297     2.16275     2.02652   0.0173098
        1298     2.15572     2.02661   0.0172968
        1299     2.12893     2.02669   0.0172836
        1300     2.09153     2.02674   0.0172704
        1301     2.05156     2.02676   0.0172571
        1302     2.01772     2.02676   0.0172439
        1303     1.99564     2.02673   0.0172307
        1304     1.98572      2.0267   0.0172175
        1305     1.99032     2.02667   0.0172043
        1306     2.00612     2.02666   0.0171911
        1307     2.02548     2.02666    0.017178
        1308     2.04086     2.02667   0.0171649
        1309     2.04156     2.02668   0.0171518
        1310     2.01685     2.02667   0.0171387
        1311        1.96     2.02662   0.0171257
        1312     1.87219      2.0265    0.017113
        1313      1.7643      2.0263   0.0171012
        1314     1.64964     2.02602   0.0170905
        1315      1.5394     2.02565   0.0170815
        1316     1.44889     2.02521   0.0170742
        1317     1.38722     2.02472   0.0170681
        1318     1.35627     2.02422   0.0170627
        1319     1.35762     2.02371   0.0170572
        1320     1.39102     2.02323    0.017051
        1321     1.45765      2.0228   0.0170435
        1322     1.55204     2.02245   0.0170343
        1323     1.67003     2.02218   0.0170235
        1324     1.79991     2.02201   0.0170115
        1325     1.92573     2.02194   0.0169988
        1326     2.02849     2.02194    0.016986
        1327     2.09282       2.022   0.0169733
        1328     2.11132     2.02207   0.0169606
        1329     2.08921     2.02212    0.016948
        1330     2.03901     2.02213   0.0169352
        1331     1.97864      2.0221   0.0169225
        1332     1.92215     2.02202     0.01691
        1333     1.87945     2.02191   0.0168976
        1334     1.85239     2.02179   0.0168854
        1335       1.846     2.02166   0.0168733
        1336     1.86466     2.02154   0.0168611
        1337     1.91221     2.02146   0.0168487
        1338      1.9864     2.02143   0.0168361
        1339     2.08369     2.02148   0.0168236
        1340     2.19254      2.0216   0.0168115
        1341     2.29568     2.02181   0.0168002
        1342     2.37154     2.02207   0.0167897
        1343     2.39994     2.02235   0.0167796
        1344     2.37391     2.02261   0.0167691
        1345      2.2964     2.02282   0.0167579
        1346     2.18832     2.02294   0.0167459
        1347     2.06966     2.02297   0.0167335
        1348      1.9653     2.02293   0.0167212
        1349     1.89014     2.02283   0.0167091
        1350     1.84783      2.0227   0.0166972
        1351     1.83629     2.02256   0.0166854
        1352     1.84816     2.02244   0.0166735
        1353     1.87911     2.02233   0.0166616
        1354       1.926     2.02226   0.0166494
        1355     1.98216     2.02223   0.0166371
        1356      2.0415     2.02224   0.0166249
        1357     2.09586      2.0223   0.0166127
        1358     2.13754     2.02238   0.0166007
        1359     2.16674     2.02249   0.0165888
        1360      2.1872     2.02261   0.0165771
        1361     2.20148     2.02274   0.0165654
        1362      2.2094     2.02288   0.0165538
        1363     2.20687     2.02301   0.0165422
        1364     2.18646     2.02313   0.0165305
        1365     2.13983     2.02322   0.0165186
        1366     2.06191     2.02325   0.0165066
        1367     1.95669      2.0232   0.0164946
        1368     1.83138     2.02306   0.0164831
        1369     1.70798     2.02283   0.0164727
        1370     1.59908     2.02252   0.0164636
        1371     1.51492     2.02215   0.0164557
        1372     1.46596     2.02174   0.0164487
        1373        1.45     2.02133    0.016442
        1374     1.46652     2.02092    0.016435
        1375     1.51299     2.02055   0.0164272
        1376     1.57994     2.02023   0.0164184
        1377      1.6607     2.01997   0.0164085
        1378     1.74513     2.01977   0.0163978
        1379     1.82759     2.01963   0.0163865
        1380      1.9015     2.01955   0.0163749
        1381     1.96654     2.01951   0.0163631
        1382     2.02006     2.01951   0.0163512
        1383     2.05816     2.01954   0.0163394
        1384     2.07931     2.01958   0.0163277
        1385     2.08154     2.01962   0.0163159
        1386     2.06729     2.01966   0.0163042
        1387     2.03681     2.01967   0.0162925
        1388     1.99046     2.01965   0.0162807
        1389     1.93481     2.01959   0.0162691
        1390     1.87585     2.01949   0.0162578
        1391     1.82579     2.01935   0.0162467
        1392     1.79141     2.01918   0.0162358
        1393      1.7759     2.01901   0.0162251
        1394     1.78336     2.01884   0.0162143
        1395     1.81105     2.01869   0.0162034
        1396     1.85099     2.01857   0.0161922
        1397     1.89674     2.01848   0.0161809
        1398     1.94144     2.01843   0.0161694
        1399     1.98165      2.0184   0.0161579
        1400     2.01382      2.0184   0.0161463
        1401     2.03533     2.01841   0.0161348
        1402     2.04021     2.01843   0.0161233
        1403     2.02594     2.01843   0.0161118
        1404     1.98922     2.01841   0.0161004
        1405     1.93333     2.01835    0.016089
        1406     1.86637     2.01824   0.0160779
        1407     1.79886     2.01809   0.0160673
        1408     1.74024     2.01789   0.0160571
        1409     1.70224     2.01766   0.0160472
        1410     1.69142     2.01743   0.0160375
        1411     1.71052     2.01722   0.0160276
        1412     1.75777     2.01703   0.0160173
        1413     1.82857      2.0169   0.0160065
        1414     1.91384     2.01683   0.0159954
        1415     2.00406     2.01682   0.0159841
        1416     2.09048     2.01687   0.0159729
        1417     2.16388     2.01697   0.0159619
        1418     2.22379     2.01712   0.0159514
        1419      2.2738      2.0173   0.0159411
        1420     2.31779     2.01751   0.0159313
        1421     2.36157     2.01775   0.0159219
        1422      2.4054     2.01803   0.0159131
        1423     2.44268     2.01832   0.0159047
        1424     2.46616     2.01864   0.0158966
        1425     2.46413     2.01895   0.0158886
        1426     2.43032     2.01924     0.01588
        1427     2.36701     2.01948   0.0158708
        1428     2.28661     2.01967   0.0158608
        1429     2.20311      2.0198   0.0158502
        1430     2.13051     2.01988   0.0158393
        1431     2.07378     2.01991   0.0158283
        1432     2.03208     2.01992   0.0158172
        1433     2.00308     2.01991   0.0158062
        1434     1.98143     2.01988   0.0157952
        1435     1.96609     2.01985   0.0157842
        1436     1.95771      2.0198   0.0157733
        1437     1.95762     2.01976   0.0157624
        1438     1.96719     2.01972   0.0157515
        1439     1.98761      2.0197   0.0157405
        1440     2.01818      2.0197   0.0157296
        1441     2.06347     2.01973   0.0157187
        1442     2.12293      2.0198    0.015708
        1443     2.19204     2.01992   0.0156975
        1444      2.2661     2.02009   0.0156876
        1445     2.34094     2.02031   0.0156783
        1446     2.41207     2.02058   0.0156698
        1447     2.48193      2.0209   0.0156622
        1448      2.5489     2.02127   0.0156556
        1449     2.60787     2.02167   0.0156501
        1450     2.65348     2.02211   0.0156453
        1451     2.67148     2.02256    0.015641
        1452     2.65418     2.02299   0.0156362
        1453     2.59563     2.02339   0.0156304
        1454     2.50216     2.02371   0.0156232
        1455     2.38399     2.02396   0.0156144
        1456     2.26122     2.02412   0.0156045
        1457     2.15335     2.02421   0.0155941
        1458     2.07313     2.02425   0.0155834
        1459     2.02586     2.02425   0.0155727
        1460      2.0187     2.02424    0.015562
        1461      2.0463     2.02426   0.0155514
        1462     2.09918     2.02431   0.0155408
        1463     2.16692     2.02441   0.0155305
        1464     2.24249     2.02456   0.0155206
        1465     2.31652     2.02476   0.0155113
        1466     2.38032       2.025   0.0155026
        1467      2.4216     2.02527   0.0154944
        1468     2.43979     2.02555   0.0154864
        1469      2.4364     2.02583   0.0154784
        1470     2.41811      2.0261   0.0154702
        1471     2.39367     2.02635   0.0154617
        1472     2.36624     2.02658   0.0154529
        1473     2.34301     2.02679   0.0154439
        1474     2.32527       2.027   0.0154348
        1475     2.31278     2.02719   0.0154255
        1476     2.30228     2.02738   0.0154162
        1477      2.2883     2.02755   0.0154068
        1478     2.27207     2.02772   0.0153972
        1479     2.25923     2.02788   0.0153876
        1480     2.25371     2.02803    0.015378
        1481      2.2603     2.02818   0.0153684
        1482     2.27822     2.02835    0.015359
        1483     2.29924     2.02854   0.0153497
        1484     2.31597     2.02873   0.0153406
        1485     2.32314     2.02893   0.0153315
        1486     2.31634     2.02912   0.0153224
        1487     2.29229      2.0293   0.0153131
        1488     2.25618     2.02945   0.0153036
        1489     2.21043     2.02957   0.0152938
        1490     2.16282     2.02966   0.0152838
        1491     2.11995     2.02972   0.0152737
        1492     2.08322     2.02976   0.0152635
        1493     2.05687     2.02978   0.0152533
        1494     2.04141     2.02978   0.0152431
        1495     2.04091     2.02979   0.0152329
        1496     2.05662     2.02981   0.0152227
        1497     2.09101     2.02985   0.0152126
        1498     2.14504     2.02993   0.0152026
        1499     2.21675     2.03005    0.015193
        1500     2.30102     2.03023   0.0151839
