           1     -7.8418     -7.8418           0
           2    -7.78779    -7.81479   0.0190955
           3    -7.67536    -7.76832   0.0400278
           4    -7.52978    -7.70868   0.0597365
           5    -7.35115    -7.63717     0.07984
           6    -7.14396    -7.55497    0.100288
           7    -6.91811    -7.46399     0.12035
           8    -6.68922    -7.36715    0.138911
           9    -6.47937     -7.2685    0.154582
          10    -6.30343      -7.172    0.166546
          11    -6.17741    -7.08158    0.174229
          12    -6.10543    -7.00023    0.177688
          13    -6.08444    -6.92979    0.177435
          14    -6.10451    -6.87084    0.174278
          15    -6.15036    -6.82281    0.169149
          16    -6.21218    -6.78464    0.162826
          17    -6.28016    -6.75497    0.155929
          18    -6.34456    -6.73217    0.148924
          19    -6.40242    -6.71481    0.142093
          20    -6.45044    -6.70159    0.135602
          21    -6.48636    -6.69135    0.129532
          22    -6.50917    -6.68306    0.123908
          23    -6.51606     -6.6758    0.118733
          24    -6.51236    -6.66899    0.113981
          25    -6.49857    -6.66218    0.109626
          26    -6.48288    -6.65528    0.105626
          27    -6.46779    -6.64834    0.101942
          28    -6.45796    -6.64154   0.0985276
          29    -6.45562    -6.63513   0.0953385
          30    -6.46215    -6.62936   0.0923347
          31    -6.47977    -6.62454   0.0894822
          32    -6.50336    -6.62075   0.0867659
          33    -6.53018      -6.618     0.08418
          34    -6.55897    -6.61627   0.0817221
          35    -6.58306    -6.61532   0.0793927
          36    -6.59899    -6.61487   0.0771886
          37    -6.60682    -6.61465   0.0751027
          38    -6.60646    -6.61443   0.0731267
          39    -6.60287    -6.61414   0.0712522
          40    -6.60527    -6.61391   0.0694713
          41    -6.61794    -6.61401   0.0677769
          42    -6.63906    -6.61461   0.0661658
          43     -6.6627    -6.61573   0.0646365
          44    -6.68803    -6.61737   0.0631884
          45    -6.70724    -6.61937   0.0618157
          46    -6.72027    -6.62156   0.0605108
          47     -6.7275    -6.62381   0.0592653
          48    -6.72707    -6.62597   0.0580697
          49    -6.72132    -6.62791   0.0569172
          50    -6.70802    -6.62951   0.0558014
          51    -6.69194    -6.63074   0.0547206
          52    -6.67722    -6.63163   0.0536756
          53    -6.66531    -6.63227   0.0526666
          54    -6.66369    -6.63285   0.0516945
          55    -6.67185    -6.63356   0.0507595
          56    -6.69155    -6.63459   0.0498636
          57    -6.71745    -6.63605     0.04901
          58     -6.7434     -6.6379      0.0482
          59    -6.76873    -6.64012    0.047434
          60    -6.79062    -6.64262   0.0467097
          61     -6.8061     -6.6453   0.0460208
          62    -6.81808    -6.64809   0.0453628
          63    -6.82622    -6.65092   0.0447308
          64    -6.82822    -6.65369   0.0441176
          65    -6.82512    -6.65633   0.0435176
          66    -6.81612    -6.65875   0.0429255
          67    -6.80046    -6.66086   0.0423369
          68    -6.78039    -6.66262   0.0417508
          69    -6.75845    -6.66401   0.0411688
          70      -6.735    -6.66502   0.0405932
          71    -6.71338     -6.6657   0.0400272
          72    -6.69588    -6.66612   0.0394734
          73    -6.68011    -6.66631   0.0389332
          74    -6.66598    -6.66631    0.038407
          75    -6.65161    -6.66611   0.0378954
          76    -6.63571    -6.66571   0.0373989
          77    -6.61616    -6.66507   0.0369188
          78    -6.59403    -6.66416   0.0364567
          79    -6.57165    -6.66299    0.036014
          80     -6.5512    -6.66159   0.0355909
          81    -6.53371    -6.66001   0.0351865
          82    -6.52403    -6.65835   0.0347965
          83    -6.52338    -6.65673   0.0344152
          84    -6.53244    -6.65525   0.0340373
          85    -6.55008    -6.65401   0.0336594
          86    -6.57204    -6.65306   0.0332815
          87    -6.59719    -6.65242   0.0329051
          88    -6.62134    -6.65206   0.0325331
          89    -6.64067    -6.65194   0.0321678
          90    -6.65315    -6.65195   0.0318104
          91    -6.66043    -6.65204    0.031461
          92    -6.66191    -6.65215   0.0311192
          93    -6.65847    -6.65222   0.0307846
          94      -6.652    -6.65221   0.0304571
          95    -6.64435    -6.65213   0.0301366
          96     -6.6358    -6.65196   0.0298232
          97    -6.62743    -6.65171   0.0295168
          98    -6.62419    -6.65143    0.029217
          99    -6.61951    -6.65111   0.0289236
         100    -6.61424    -6.65074   0.0286367
         101    -6.61112    -6.65034   0.0283559
         102    -6.60984    -6.64995   0.0280807
         103    -6.61472    -6.64961   0.0278101
         104    -6.62219    -6.64934    0.027544
         105    -6.63553    -6.64921    0.027282
         106    -6.64929    -6.64921   0.0270246
         107     -6.6598    -6.64931   0.0267722
         108    -6.66695    -6.64947   0.0265248
         109    -6.66771    -6.64964    0.026282
         110    -6.66117    -6.64975   0.0260433
         111    -6.64884    -6.64974   0.0258086
         112    -6.62907    -6.64955   0.0255789
         113    -6.60767    -6.64918   0.0253552
         114    -6.58703    -6.64864   0.0251386
         115     -6.5746    -6.64799   0.0249283
         116    -6.56955    -6.64732   0.0247226
         117    -6.57668    -6.64671   0.0245186
         118    -6.59542    -6.64628   0.0243147
         119    -6.62153    -6.64607   0.0241113
         120    -6.65319    -6.64613   0.0239104
         121    -6.68659    -6.64646   0.0237151
         122    -6.71524    -6.64703   0.0235274
         123    -6.73868    -6.64777    0.023348
         124    -6.75209    -6.64861   0.0231748
         125    -6.75802    -6.64949   0.0230059
         126     -6.7566    -6.65034   0.0228391
         127    -6.75079    -6.65113   0.0226729
         128    -6.74371    -6.65185   0.0225073
         129    -6.73926    -6.65253    0.022343
         130    -6.74275    -6.65323    0.022182
         131    -6.75075    -6.65397   0.0220251
         132     -6.7645    -6.65481   0.0218742
         133    -6.77825    -6.65574   0.0217294
         134    -6.78764    -6.65672   0.0215895
         135    -6.79142    -6.65772   0.0214526
         136    -6.78724    -6.65867    0.021316
         137    -6.77432    -6.65951   0.0211771
         138    -6.75233    -6.66019   0.0210344
         139    -6.72271    -6.66064   0.0208878
         140    -6.68781    -6.66083   0.0207395
         141    -6.65064    -6.66076   0.0205926
         142    -6.61378    -6.66043   0.0204502
         143    -6.57832    -6.65985   0.0203153
         144    -6.54815    -6.65908    0.020189
         145     -6.5277    -6.65817   0.0200701
         146    -6.51611     -6.6572   0.0199562
         147    -6.51292    -6.65622   0.0198446
         148    -6.52064     -6.6553   0.0197316
         149    -6.53647     -6.6545   0.0196153
         150    -6.55757    -6.65386   0.0194952
         151    -6.58298    -6.65339   0.0193717
         152    -6.61203    -6.65312   0.0192462
         153    -6.63992    -6.65303   0.0191206
         154    -6.66646    -6.65312   0.0189966
         155    -6.68813    -6.65334   0.0188754
         156    -6.70512    -6.65367   0.0187573
         157    -6.71556    -6.65407    0.018642
         158    -6.71809    -6.65447   0.0185284
         159    -6.71401    -6.65485   0.0184156
         160    -6.70341    -6.65515   0.0183031
         161    -6.68672    -6.65535   0.0181904
         162    -6.66687    -6.65542   0.0180783
         163    -6.64671    -6.65537   0.0179674
         164    -6.63206    -6.65522   0.0178584
         165    -6.61986    -6.65501   0.0177515
         166    -6.61749    -6.65478    0.017646
         167    -6.62375     -6.6546   0.0175413
         168    -6.63598    -6.65449   0.0174373
         169    -6.65342    -6.65448   0.0173341
         170    -6.67264    -6.65459   0.0172324
         171    -6.68741    -6.65478   0.0171327
         172    -6.69812    -6.65503    0.017035
         173    -6.70408    -6.65531   0.0169389
         174    -6.70455     -6.6556   0.0168439
         175    -6.70133    -6.65586   0.0167497
         176    -6.69454    -6.65608   0.0166559
         177    -6.69146    -6.65628    0.016563
         178    -6.68949    -6.65647    0.016471
         179    -6.68579    -6.65663   0.0163798
         180    -6.68255    -6.65677   0.0162895
         181    -6.67828    -6.65689   0.0161999
         182    -6.67479    -6.65699   0.0161112
         183    -6.67124    -6.65707   0.0160233
         184    -6.66589    -6.65712   0.0159363
         185    -6.65631    -6.65711   0.0158502
         186    -6.64359    -6.65704   0.0157651
         187    -6.62859    -6.65689   0.0156816
         188    -6.61324    -6.65665   0.0155999
         189    -6.59692    -6.65634   0.0155205
         190    -6.58299    -6.65595   0.0154436
         191    -6.57363    -6.65552   0.0153688
         192    -6.56816    -6.65507   0.0152955
         193    -6.57392    -6.65465    0.015222
         194    -6.58739     -6.6543   0.0151475
         195    -6.60379    -6.65404    0.015072
         196    -6.62196    -6.65388    0.014996
         197    -6.63891     -6.6538   0.0149201
         198    -6.64955    -6.65378   0.0148448
         199    -6.65315    -6.65378   0.0147702
         200    -6.65198    -6.65377   0.0146963
         201    -6.64984    -6.65375   0.0146232
         202    -6.65068    -6.65373   0.0145508
         203    -6.65717    -6.65375   0.0144792
         204    -6.67089    -6.65383   0.0144084
         205    -6.69132    -6.65402   0.0143393
         206    -6.71098    -6.65429   0.0142724
         207    -6.73002    -6.65466   0.0142081
         208    -6.74315    -6.65508   0.0141462
         209    -6.74943    -6.65554   0.0140857
         210    -6.74776    -6.65597   0.0140254
         211    -6.74067    -6.65638   0.0139647
         212    -6.72695    -6.65671   0.0139028
         213    -6.70875    -6.65695   0.0138397
         214    -6.68675    -6.65709   0.0137757
         215    -6.66522    -6.65713   0.0137117
         216    -6.64651    -6.65708   0.0136483
         217     -6.6359    -6.65698   0.0135857
         218    -6.63265    -6.65687   0.0135239
         219    -6.63973    -6.65679   0.0134624
         220     -6.6536    -6.65678   0.0134012
         221    -6.67028    -6.65684   0.0133407
         222    -6.68649    -6.65697   0.0132813
         223    -6.69858    -6.65716    0.013223
         224    -6.70189    -6.65736   0.0131655
         225    -6.69384    -6.65752    0.013108
         226    -6.68034    -6.65762   0.0130504
         227    -6.66298    -6.65765   0.0129929
         228    -6.64736     -6.6576    0.012936
         229    -6.63271    -6.65749   0.0128799
         230    -6.62076    -6.65733   0.0128249
         231    -6.60876    -6.65712   0.0127711
         232    -6.59954    -6.65687   0.0127185
         233    -6.59094    -6.65659   0.0126671
         234    -6.58014    -6.65627   0.0126171
         235    -6.57051     -6.6559   0.0125687
         236    -6.56117     -6.6555   0.0125219
         237    -6.55457    -6.65507   0.0124763
         238    -6.55118    -6.65464   0.0124315
         239    -6.55475    -6.65422   0.0123865
         240    -6.56423    -6.65384   0.0123406
         241    -6.57822    -6.65353   0.0122934
         242     -6.5958    -6.65329   0.0122449
         243    -6.61471    -6.65313   0.0121955
         244    -6.63352    -6.65305   0.0121458
         245    -6.65089    -6.65304   0.0120962
         246    -6.66285    -6.65308   0.0120471
         247    -6.67063    -6.65315   0.0119986
         248    -6.67358    -6.65324   0.0119505
         249    -6.67414    -6.65332   0.0119028
         250    -6.66983    -6.65339   0.0118553
         251     -6.6621    -6.65342   0.0118081
         252    -6.65348    -6.65342   0.0117613
         253    -6.64594    -6.65339   0.0117148
         254    -6.64226    -6.65335   0.0116688
         255    -6.64289    -6.65331   0.0116231
         256    -6.64739    -6.65328   0.0115777
         257    -6.65786     -6.6533   0.0115327
         258    -6.67258    -6.65338   0.0114882
         259    -6.69353    -6.65353   0.0114449
         260    -6.71791    -6.65378   0.0114036
         261    -6.74397    -6.65412   0.0113651
         262    -6.76681    -6.65455   0.0113299
         263    -6.78754    -6.65506   0.0112981
         264    -6.80248    -6.65562   0.0112691
         265    -6.80839     -6.6562   0.0112413
         266    -6.80246    -6.65675   0.0112125
         267    -6.78525    -6.65723   0.0111808
         268    -6.76083    -6.65761   0.0111458
         269    -6.72642    -6.65787   0.0111073
         270    -6.68578    -6.65797   0.0110666
         271    -6.64474    -6.65792   0.0110259
         272    -6.60582    -6.65773    0.010987
         273    -6.57414    -6.65743    0.010951
         274    -6.54935    -6.65703   0.0109182
         275    -6.53223    -6.65658   0.0108879
         276    -6.52194    -6.65609   0.0108594
         277    -6.51967     -6.6556   0.0108313
         278    -6.51991    -6.65511   0.0108033
         279    -6.52144    -6.65463   0.0107752
         280      -6.527    -6.65417   0.0107464
         281    -6.53739    -6.65376   0.0107162
         282    -6.55017    -6.65339   0.0106845
         283    -6.56713    -6.65309   0.0106511
         284    -6.58633    -6.65285   0.0106162
         285    -6.60512    -6.65268   0.0105802
         286    -6.62452    -6.65259   0.0105437
         287    -6.64626    -6.65256    0.010507
         288    -6.66546    -6.65261   0.0104706
         289    -6.67892     -6.6527   0.0104348
         290    -6.68605    -6.65281   0.0103994
         291    -6.68769    -6.65293   0.0103644
         292     -6.6816    -6.65303   0.0103293
         293    -6.66912    -6.65309   0.0102942
         294    -6.65463    -6.65309   0.0102592
         295     -6.6475    -6.65307   0.0102245
         296    -6.64905    -6.65306   0.0101899
         297     -6.6609    -6.65309   0.0101557
         298    -6.67836    -6.65317   0.0101219
         299    -6.69462    -6.65331    0.010089
         300    -6.70925     -6.6535   0.0100571
         301     -6.7187    -6.65371    0.010026
         302    -6.72597    -6.65395  0.00999569
         303    -6.73141    -6.65421  0.00996597
         304    -6.72897    -6.65445  0.00993622
         305    -6.71904    -6.65467   0.0099059
         306    -6.70521    -6.65483   0.0098749
         307    -6.68799    -6.65494  0.00984333
         308    -6.66817    -6.65498  0.00981146
         309    -6.64951    -6.65496  0.00977973
         310    -6.63688    -6.65491  0.00974835
         311    -6.63131    -6.65483  0.00971731
         312    -6.63107    -6.65475  0.00968646
         313    -6.63478    -6.65469  0.00965572
         314     -6.6385    -6.65464  0.00962511
         315    -6.64457    -6.65461  0.00959461
         316    -6.65325     -6.6546  0.00956424
         317    -6.65979    -6.65462  0.00953409
         318    -6.66324    -6.65465  0.00950414
         319    -6.66318    -6.65467  0.00947439
         320    -6.65921    -6.65469  0.00944479
         321     -6.6514    -6.65468  0.00941537
         322    -6.63792    -6.65462  0.00938628
         323    -6.62341    -6.65453  0.00935771
         324    -6.60901    -6.65439  0.00932989
         325    -6.59622    -6.65421   0.0093029
         326      -6.584    -6.65399  0.00927685
         327    -6.57417    -6.65375  0.00925169
         328    -6.57066    -6.65349  0.00922696
         329    -6.57321    -6.65325  0.00920214
         330    -6.58095    -6.65303  0.00917686
         331    -6.59445    -6.65285  0.00915084
         332     -6.6129    -6.65273  0.00912407
         333    -6.63667    -6.65269   0.0090968
         334    -6.65996    -6.65271  0.00906959
         335    -6.67966    -6.65279  0.00904287
         336    -6.69385    -6.65291  0.00901678
         337    -6.70146    -6.65305  0.00899118
         338    -6.70016    -6.65319  0.00896566
         339     -6.6915    -6.65331  0.00893992
         340    -6.67489    -6.65337  0.00891385
         341    -6.65484    -6.65337  0.00888771
         342    -6.63529    -6.65332  0.00886188
         343    -6.62039    -6.65323  0.00883657
         344    -6.61531    -6.65312  0.00881157
         345    -6.61939    -6.65302  0.00878657
         346    -6.63198    -6.65296  0.00876138
         347    -6.64907    -6.65295  0.00873614
         348    -6.66888    -6.65299  0.00871116
         349     -6.6862    -6.65309  0.00868672
         350    -6.69945    -6.65322  0.00866291
         351    -6.70344    -6.65336  0.00863941
         352     -6.6985    -6.65349  0.00861582
         353    -6.68524    -6.65358  0.00859188
         354    -6.66323    -6.65361  0.00856765
         355    -6.63794    -6.65356  0.00854363
         356    -6.61288    -6.65345   0.0085204
         357     -6.5927    -6.65328  0.00849823
         358    -6.57432    -6.65306  0.00847735
         359     -6.5598     -6.6528  0.00845772
         360    -6.55497    -6.65253  0.00843859
         361    -6.55824    -6.65227  0.00841925
         362    -6.56733    -6.65203  0.00839927
         363    -6.58481    -6.65185  0.00837817
         364    -6.60646    -6.65172  0.00835608
         365    -6.63077    -6.65166  0.00833338
         366    -6.65247    -6.65167  0.00831061
         367    -6.66386     -6.6517  0.00828804
         368    -6.66418    -6.65173  0.00826558
         369    -6.65782    -6.65175   0.0082432
         370    -6.64537    -6.65173  0.00822094
         371     -6.6314    -6.65168  0.00819896
         372    -6.62315     -6.6516  0.00817728
         373    -6.62258    -6.65152  0.00815573
         374    -6.63377    -6.65148  0.00813406
         375    -6.65535    -6.65149  0.00811238
         376    -6.68605    -6.65158  0.00809132
         377     -6.7185    -6.65176  0.00807181
         378    -6.74807    -6.65201  0.00805447
         379    -6.77115    -6.65232  0.00803935
         380    -6.78659    -6.65268  0.00802596
         381     -6.7886    -6.65303  0.00801282
         382    -6.78048    -6.65337  0.00799878
         383    -6.76419    -6.65366  0.00798313
         384     -6.7404    -6.65388  0.00796554
         385      -6.715    -6.65404  0.00794643
         386    -6.69157    -6.65414  0.00792644
         387     -6.6705    -6.65418  0.00790607
         388    -6.65701    -6.65419  0.00788569
         389    -6.65283    -6.65419  0.00786542
         390    -6.65218    -6.65418  0.00784526
         391    -6.65624    -6.65419  0.00782519
         392    -6.66132     -6.6542  0.00780525
         393     -6.6665    -6.65424  0.00778546
         394    -6.67001    -6.65428   0.0077658
         395    -6.66897    -6.65431  0.00774623
         396    -6.66521    -6.65434  0.00772671
         397    -6.65602    -6.65434  0.00770725
         398    -6.63876    -6.65431  0.00768799
         399    -6.61374     -6.6542  0.00766939
         400    -6.58525    -6.65403  0.00765216
         401    -6.55577    -6.65379  0.00763699
         402    -6.53007    -6.65348   0.0076242
         403    -6.51398    -6.65313  0.00761313
         404    -6.50723    -6.65277  0.00760285
         405    -6.51228    -6.65242  0.00759198
         406    -6.52729    -6.65212  0.00757954
         407    -6.54979    -6.65186  0.00756508
         408    -6.57772    -6.65168  0.00754872
         409     -6.6073    -6.65157  0.00753105
         410    -6.63303    -6.65153  0.00751282
         411     -6.6523    -6.65153  0.00749454
         412    -6.66313    -6.65156   0.0074764
         413    -6.66688     -6.6516  0.00745839
         414    -6.66344    -6.65162  0.00744043
         415    -6.65562    -6.65163   0.0074225
         416    -6.64627    -6.65162  0.00740467
         417    -6.63936    -6.65159  0.00738697
         418    -6.63673    -6.65156  0.00736939
         419    -6.64312    -6.65154  0.00735183
         420    -6.65519    -6.65155  0.00733433
         421      -6.674     -6.6516   0.0073171
         422    -6.69867    -6.65171  0.00730061
         423    -6.72329    -6.65188  0.00728531
         424    -6.74326    -6.65209  0.00727132
         425    -6.75541    -6.65234  0.00725827
         426    -6.76159    -6.65259  0.00724576
         427    -6.76248    -6.65285  0.00723336
         428    -6.75965     -6.6531  0.00722077
         429    -6.75741    -6.65334  0.00720803
         430    -6.75431    -6.65358  0.00719509
         431    -6.74653    -6.65379  0.00718163
         432    -6.73145    -6.65397  0.00716725
         433    -6.71182    -6.65411  0.00715194
         434    -6.69373     -6.6542  0.00713605
         435    -6.68037    -6.65426   0.0071199
         436    -6.66851    -6.65429  0.00710364
         437    -6.65982    -6.65431   0.0070874
         438    -6.65792    -6.65431  0.00707122
         439     -6.6587    -6.65432  0.00705512
         440    -6.66049    -6.65434   0.0070391
         441    -6.66073    -6.65435  0.00702315
         442    -6.65888    -6.65436  0.00700727
         443    -6.65613    -6.65437  0.00699145
         444    -6.65567    -6.65437  0.00697571
         445    -6.65467    -6.65437  0.00696003
         446     -6.6555    -6.65437  0.00694443
         447    -6.65399    -6.65437  0.00692889
         448    -6.64983    -6.65436  0.00691343
         449    -6.64036    -6.65433  0.00689811
         450    -6.62553    -6.65427  0.00688307
         451    -6.60691    -6.65416  0.00686861
         452    -6.58702    -6.65401  0.00685502
         453    -6.56706    -6.65382  0.00684258
         454    -6.55191     -6.6536  0.00683119
         455    -6.54445    -6.65336  0.00682038
         456     -6.5446    -6.65312   0.0068096
         457    -6.55149     -6.6529  0.00679832
         458     -6.5641     -6.6527  0.00678624
         459    -6.57767    -6.65254  0.00677343
         460    -6.58964     -6.6524  0.00676008
         461    -6.59348    -6.65227  0.00674663
         462     -6.5879    -6.65213  0.00673346
         463    -6.57459    -6.65197    0.006721
         464    -6.55303    -6.65175   0.0067099
         465    -6.52771    -6.65149  0.00670077
         466    -6.50495    -6.65117  0.00669376
         467    -6.48639    -6.65082  0.00668873
         468    -6.48133    -6.65046  0.00668423
         469    -6.49205    -6.65012  0.00667851
         470    -6.51635    -6.64983  0.00667036
         471    -6.55409    -6.64963  0.00665929
         472    -6.60061    -6.64953  0.00664599
         473    -6.64928    -6.64953  0.00663194
         474    -6.69393    -6.64962  0.00661861
         475    -6.73357     -6.6498  0.00660704
         476    -6.76582    -6.65004  0.00659765
         477    -6.78712    -6.65033  0.00659008
         478    -6.80017    -6.65064  0.00658374
         479    -6.80562    -6.65097  0.00657794
         480    -6.80359    -6.65128  0.00657192
         481    -6.79814    -6.65159  0.00656535
         482    -6.78955    -6.65188  0.00655796
         483    -6.77657    -6.65213  0.00654946
         484    -6.76244    -6.65236   0.0065399
         485    -6.74802    -6.65256  0.00652938
         486    -6.73362    -6.65273  0.00651808
         487    -6.72452    -6.65287  0.00650636
         488    -6.71794    -6.65301   0.0064944
         489    -6.70994    -6.65312  0.00648216
         490    -6.70313    -6.65322  0.00646973
         491    -6.69746    -6.65331  0.00645718
         492    -6.68841    -6.65339  0.00644445
         493    -6.67434    -6.65343  0.00643152
         494     -6.6526    -6.65343   0.0064185
         495    -6.62708    -6.65337  0.00640576
         496    -6.60102    -6.65327  0.00639371
         497    -6.57601    -6.65311  0.00638273
         498    -6.56221    -6.65293  0.00637253
         499    -6.55834    -6.65274  0.00636258
         500    -6.56426    -6.65256  0.00635231
