# Buffon's needle experiment - Monte Carlo estimation of pi
# Total number of throws: M = 10000000
# Number of blocks: N = 1000
# Throws per block: N_throws = 10000
# Needle length: L = 1
# Distance between lines: d = 1.2
# Columns:
# 1) block index
# 2) pi estimate in the block
# 3) progressive mean of pi
# 4) progressive statistical uncertainty

1 3.12168 3.12168 0
2 3.1293 3.12549 0.00380979
3 3.12344 3.12481 0.00230375
4 3.13401 3.12711 0.00281889
5 3.11119 3.12393 0.00385987
6 3.13224 3.12531 0.00344298
7 3.06654 3.11692 0.00888541
8 3.17884 3.12466 0.0109147
9 3.10887 3.1229 0.00978431
10 3.09444 3.12006 0.00920253
11 3.19898 3.12723 0.0109892
12 3.16917 3.13073 0.010623
13 3.22186 3.13774 0.0120261
14 3.18188 3.14089 0.0115718
15 3.14347 3.14106 0.0107742
16 3.1252 3.14007 0.010127
17 3.10424 3.13796 0.00974332
18 3.12227 3.13709 0.00922737
19 3.15537 3.13805 0.00878109
20 3.15298 3.1388 0.00836385
21 3.13107 3.13843 0.00796413
22 3.11585 3.1374 0.00766257
23 3.17763 3.13915 0.00752782
24 3.15179 3.13968 0.00722655
25 3.13401 3.13945 0.00693517
26 3.13048 3.13911 0.00667203
27 3.10655 3.1379 0.00653239
28 3.1176 3.13718 0.00633641
29 3.13932 3.13725 0.00611445
30 3.16016 3.13801 0.00595627
31 3.14051 3.13809 0.00576149
32 3.09043 3.13661 0.005774
33 3.17038 3.13763 0.0056891
34 3.16676 3.13849 0.00558535
35 3.12168 3.13801 0.00544463
36 3.1054 3.1371 0.0053682
37 3.20205 3.13885 0.00550829
38 3.15119 3.13918 0.0053712
39 3.1211 3.13872 0.00525217
40 3.15239 3.13906 0.00513057
41 3.16016 3.13957 0.00503027
42 3.17945 3.14052 0.005
43 3.10945 3.1398 0.00493552
44 3.14762 3.13998 0.00482532
45 3.15 3.1402 0.00472213
46 3.13519 3.14009 0.00461962
47 3.2144 3.14167 0.00478879
48 3.11701 3.14116 0.00471602
49 3.11236 3.14057 0.00465603
50 3.1953 3.14166 0.00469142
51 3.09732 3.1408 0.00468
52 3.14465 3.14087 0.00458972
53 3.174 3.14149 0.00454548
54 3.16436 3.14192 0.00448055
55 3.15537 3.14216 0.00440513
56 3.20328 3.14325 0.0044613
57 3.14644 3.14331 0.00438269
58 3.11643 3.14285 0.00433133
59 3.14228 3.14284 0.0042573
60 3.19959 3.14378 0.00429129
61 3.174 3.14428 0.00424932
62 3.14762 3.14433 0.00418057
63 3.11993 3.14394 0.00413187
64 3.15418 3.1441 0.00406994
65 3.1953 3.14489 0.0040835
66 3.12168 3.14454 0.0040365
67 3.1293 3.14431 0.0039823
68 3.1837 3.14489 0.00396582
69 3.15836 3.14509 0.0039128
70 3.174 3.1455 0.00387855
71 3.1953 3.1462 0.00388732
72 3.15298 3.1463 0.00383411
73 3.11993 3.14593 0.00379843
74 3.174 3.14631 0.0037659
75 3.08414 3.14549 0.00380672
76 3.14288 3.14545 0.00375645
77 3.0739 3.14452 0.00382204
78 3.11468 3.14414 0.00379206
79 3.15 3.14421 0.00374449
80 3.18248 3.14469 0.00372821
81 3.14465 3.14469 0.00368189
82 3.16376 3.14492 0.00364414
83 3.18431 3.1454 0.0036311
84 3.11468 3.14503 0.0036062
85 3.18552 3.14551 0.00359523
86 3.13932 3.14544 0.0035539
87 3.15716 3.14557 0.0035154
88 3.14584 3.14557 0.00347523
89 3.08814 3.14493 0.00349604
90 3.18857 3.14541 0.00349082
91 3.10193 3.14494 0.00348517
92 3.08985 3.14434 0.00349869
93 3.12227 3.1441 0.00346899
94 3.18066 3.14449 0.00345386
95 3.16136 3.14467 0.00342192
96 3.12989 3.14451 0.00338958
97 3.13991 3.14447 0.00335479
98 3.1346 3.14436 0.0033219
99 3.14941 3.14442 0.00328857
100 3.15657 3.14454 0.00325779
101 3.14051 3.1445 0.00322562
102 3.11935 3.14425 0.00320334
103 3.16977 3.1445 0.00318175
104 3.16797 3.14472 0.00315908
105 3.17038 3.14497 0.00313837
106 3.10713 3.14461 0.00312905
107 3.17219 3.14487 0.00311036
108 3.20821 3.14546 0.00313675
109 3.16857 3.14567 0.00311506
110 3.15239 3.14573 0.00308722
111 3.15358 3.1458 0.0030601
112 3.16376 3.14596 0.00303689
113 3.14822 3.14598 0.00300996
114 3.11935 3.14575 0.00299257
115 3.1506 3.14579 0.00296673
116 3.1176 3.14555 0.00295107
117 3.15119 3.14559 0.00292614
118 3.07673 3.14501 0.00295934
119 3.17158 3.14523 0.00294285
120 3.13342 3.14514 0.00291989
121 3.11643 3.1449 0.00290536
122 3.14644 3.14491 0.00288147
123 3.16436 3.14507 0.00286232
124 3.1346 3.14498 0.0028404
125 3.14406 3.14498 0.00281759
126 3.10655 3.14467 0.00281172
127 3.18431 3.14498 0.0028069
128 3.11643 3.14476 0.00279381
129 3.09387 3.14437 0.0028
130 3.16316 3.14451 0.00278213
131 3.1176 3.14431 0.00276845
132 3.1346 3.14423 0.00274838
133 3.16136 3.14436 0.00273067
134 3.17098 3.14456 0.00271749
135 3.21812 3.1451 0.00275178
136 3.17098 3.14529 0.00273809
137 3.12754 3.14516 0.00272111
138 3.11876 3.14497 0.00270809
139 3.13107 3.14487 0.0026904
140 3.11643 3.14467 0.00267883
141 3.11352 3.14445 0.00266892
142 3.18979 3.14477 0.00266923
143 3.13991 3.14473 0.00265071
144 3.15358 3.1448 0.00263296
145 3.10366 3.14451 0.00263008
146 3.11294 3.1443 0.00262094
147 3.17339 3.14449 0.00261057
148 3.10887 3.14425 0.00260402
149 3.1411 3.14423 0.00258657
150 3.09905 3.14393 0.00258687
151 3.174 3.14413 0.00257738
152 3.14703 3.14415 0.00256044
153 3.16076 3.14426 0.00254596
154 3.11701 3.14408 0.00253556
155 3.10887 3.14385 0.00252937
156 3.11993 3.1437 0.00251777
157 3.11352 3.14351 0.00250906
158 3.07163 3.14305 0.0025343
159 3.13048 3.14297 0.00251955
160 3.11701 3.14281 0.002509
161 3.18431 3.14307 0.00250666
162 3.13814 3.14304 0.00249132
163 3.15 3.14308 0.00247636
164 3.16496 3.14322 0.00246482
165 3.2113 3.14363 0.00248435
166 3.2002 3.14397 0.00249275
167 3.10887 3.14376 0.00248667
168 3.13048 3.14368 0.00247309
169 3.09847 3.14341 0.00247293
170 3.15597 3.14349 0.00245945
171 3.13873 3.14346 0.00244518
172 3.18918 3.14372 0.00244541
173 3.10945 3.14353 0.0024393
174 3.12695 3.14343 0.00242711
175 3.11294 3.14326 0.00241948
176 3.13342 3.1432 0.00240634
177 3.12872 3.14312 0.00239411
178 3.1293 3.14304 0.00238188
179 3.15716 3.14312 0.00236985
180 3.16676 3.14325 0.00236031
181 3.10366 3.14303 0.0023574
182 3.1904 3.14329 0.00235882
183 3.17158 3.14345 0.00235098
184 3.13991 3.14343 0.00233825
185 3.11294 3.14326 0.0023314
186 3.14406 3.14327 0.00231884
187 3.20266 3.14359 0.00232818
188 3.174 3.14375 0.0023214
189 3.13814 3.14372 0.00230928
190 3.11818 3.14358 0.00230102
191 3.1506 3.14362 0.00228924
192 3.12051 3.1435 0.00228046
193 3.17702 3.14367 0.00227525
194 3.11818 3.14354 0.00226731
195 3.13048 3.14347 0.00225664
196 3.14288 3.14347 0.0022451
197 3.05474 3.14302 0.00227864
198 3.13814 3.143 0.00226723
199 3.16676 3.14312 0.00225897
200 3.14169 3.14311 0.00224766
201 3.17884 3.14329 0.0022435
202 3.11643 3.14315 0.00223632
203 3.13283 3.1431 0.00222586
204 3.13814 3.14308 0.00221506
205 3.08928 3.14282 0.00221979
206 3.14703 3.14284 0.00220908
207 3.12168 3.14273 0.00220076
208 3.12402 3.14264 0.002192
209 3.14465 3.14265 0.00218151
210 3.12051 3.14255 0.00217365
211 3.16616 3.14266 0.00216622
212 3.14169 3.14266 0.00215598
213 3.17763 3.14282 0.00215211
214 3.14703 3.14284 0.00214212
215 3.15298 3.14289 0.00213265
216 3.13873 3.14287 0.00212285
217 3.11585 3.14274 0.00211671
218 3.10598 3.14257 0.00211371
219 3.13991 3.14256 0.00210407
220 3.10945 3.14241 0.00209989
221 3.14465 3.14242 0.00209039
222 3.16556 3.14253 0.00208356
223 3.15836 3.1426 0.00207541
224 3.14703 3.14262 0.00206622
225 3.14941 3.14265 0.00205724
226 3.13578 3.14262 0.00204834
227 3.10713 3.14246 0.00204528
228 3.14525 3.14247 0.00203633
229 3.15896 3.14254 0.00202869
230 3.16616 3.14265 0.00202246
231 3.16376 3.14274 0.00201576
232 3.11818 3.14263 0.00200984
233 3.15776 3.1427 0.00200225
234 3.15298 3.14274 0.00199416
235 3.1346 3.14271 0.00198596
236 3.15776 3.14277 0.00197855
237 3.18309 3.14294 0.00197752
238 3.09905 3.14276 0.00197781
239 3.10655 3.14261 0.00197533
240 3.19346 3.14282 0.00197846
241 3.12344 3.14274 0.00197188
242 3.2039 3.14299 0.00197991
243 3.13519 3.14296 0.00197201
244 3.13401 3.14292 0.00196425
245 3.18857 3.14311 0.00196507
246 3.13991 3.14309 0.00195711
247 3.14644 3.14311 0.00194922
248 3.13873 3.14309 0.00194142
249 3.14703 3.14311 0.00193367
250 3.14762 3.14312 0.00192601
251 3.16676 3.14322 0.00192063
252 3.13519 3.14319 0.00191326
253 3.16736 3.14328 0.00190807
254 3.13342 3.14324 0.00190094
255 3.13578 3.14321 0.0018937
256 3.1904 3.1434 0.00189527
257 3.15597 3.14345 0.00188852
258 3.15119 3.14348 0.00188142
259 3.11993 3.14339 0.00187635
260 3.11003 3.14326 0.00187352
261 3.19346 3.14345 0.00187621
262 3.16136 3.14352 0.00187028
263 3.15956 3.14358 0.00186416
264 3.12813 3.14352 0.001858
265 3.11061 3.1434 0.00185514
266 3.15119 3.14343 0.00184839
267 3.16736 3.14352 0.00184363
268 3.16196 3.14358 0.00183803
269 3.14169 3.14358 0.0018312
270 3.14584 3.14359 0.00182442
271 3.15896 3.14364 0.00181856
272 3.10829 3.14351 0.00181652
273 3.16797 3.1436 0.00181207
274 3.13283 3.14356 0.00180587
275 3.12813 3.14351 0.00180016
276 3.16436 3.14358 0.00179522
277 3.0739 3.14333 0.00180633
278 3.16436 3.14341 0.00180141
279 3.11993 3.14332 0.00179691
280 3.12168 3.14324 0.00179215
281 3.16436 3.14332 0.00178734
282 3.13342 3.14328 0.00178134
283 3.13873 3.14327 0.00177511
284 3.1211 3.14319 0.00177057
285 3.16797 3.14328 0.00176648
286 3.11119 3.14317 0.00176387
287 3.10829 3.14304 0.00176191
288 3.11468 3.14295 0.00175854
289 3.19346 3.14312 0.00176114
290 3.1837 3.14326 0.00176062
291 3.14584 3.14327 0.00175458
292 3.09905 3.14312 0.00175511
293 3.16496 3.14319 0.0017507
294 3.14525 3.1432 0.00174475
295 3.14465 3.1432 0.00173883
296 3.13401 3.14317 0.00173322
297 3.17521 3.14328 0.00173074
298 3.18918 3.14343 0.00173179
299 3.16136 3.14349 0.00172703
300 3.19224 3.14366 0.00172891
301 3.1141 3.14356 0.00172595
302 3.14644 3.14357 0.00172026
303 3.15119 3.14359 0.00171475
304 3.1176 3.14351 0.00171124
305 3.17824 3.14362 0.00170942
306 3.12989 3.14358 0.00170441
307 3.12872 3.14353 0.00169954
308 3.12461 3.14347 0.00169513
309 3.1746 3.14357 0.00169264
310 3.14465 3.14357 0.00168717
311 3.1411 3.14356 0.00168176
312 3.16136 3.14362 0.00167733
313 3.15776 3.14367 0.00167257
314 3.13519 3.14364 0.00166745
315 3.18309 3.14376 0.00166686
316 3.15179 3.14379 0.00166177
317 3.11585 3.1437 0.00165887
318 3.09905 3.14356 0.00165959
319 3.15657 3.1436 0.00165489
320 3.18066 3.14372 0.00165377
321 3.16436 3.14378 0.00164986
322 3.20205 3.14396 0.00165465
323 3.10366 3.14384 0.00165423
324 3.12813 3.14379 0.00164983
325 3.18066 3.1439 0.00164866
326 3.15956 3.14395 0.00164429
327 3.13637 3.14393 0.00163942
328 3.12637 3.14387 0.00163529
329 3.14051 3.14386 0.00163035
330 3.11993 3.14379 0.00162701
331 3.1506 3.14381 0.00162222
332 3.16076 3.14386 0.00161813
333 3.15239 3.14389 0.00161347
334 3.18431 3.14401 0.00161318
335 3.15836 3.14405 0.00160893
336 3.14465 3.14405 0.00160413
337 3.07617 3.14385 0.001612
338 3.091 3.1437 0.00161481
339 3.174 3.14379 0.00161252
340 3.10366 3.14367 0.0016121
341 3.17098 3.14375 0.00160936
342 3.13873 3.14373 0.00160471
343 3.19836 3.14389 0.00160793
344 3.16076 3.14394 0.001604
345 3.15716 3.14398 0.0015998
346 3.14465 3.14398 0.00159518
347 3.11468 3.1439 0.00159281
348 3.1176 3.14382 0.00159003
349 3.10482 3.14371 0.0015894
350 3.19468 3.14386 0.00159153
351 3.14465 3.14386 0.00158699
352 3.14051 3.14385 0.0015825
353 3.10945 3.14375 0.00158102
354 3.16496 3.14381 0.00157768
355 3.15716 3.14385 0.00157368
356 3.14347 3.14385 0.00156926
357 3.091 3.1437 0.00157184
358 3.1506 3.14372 0.00156756
359 3.12168 3.14366 0.00156439
360 3.16376 3.14371 0.00156104
361 3.19346 3.14385 0.0015628
362 3.12168 3.14379 0.00155968
363 3.14525 3.14379 0.00155538
364 3.11935 3.14373 0.00155255
365 3.17824 3.14382 0.00155118
366 3.11993 3.14376 0.00154831
367 3.12402 3.1437 0.00154502
368 3.12754 3.14366 0.00154144
369 3.07333 3.14347 0.00154903
370 3.10078 3.14335 0.00154914
371 3.16196 3.1434 0.00154577
372 3.18127 3.1435 0.00154497
373 3.16496 3.14356 0.0015419
374 3.15657 3.1436 0.00153816
375 3.14941 3.14361 0.00153413
376 3.08356 3.14345 0.00153836
377 3.12637 3.14341 0.00153494
378 3.17642 3.14349 0.00153336
379 3.18492 3.1436 0.00153321
380 3.13991 3.14359 0.0015292
381 3.17158 3.14367 0.00152695
382 3.16376 3.14372 0.00152386
383 3.10713 3.14362 0.00152287
384 3.16136 3.14367 0.0015196
385 3.16676 3.14373 0.00151684
386 3.1506 3.14375 0.00151301
387 3.14051 3.14374 0.00150912
388 3.14051 3.14373 0.00150525
389 3.14584 3.14374 0.00150138
390 3.16857 3.1438 0.00149888
391 3.12872 3.14376 0.00149554
392 3.11119 3.14368 0.00149403
393 3.09847 3.14356 0.00149466
394 3.13932 3.14355 0.0014909
395 3.12695 3.14351 0.00148771
396 3.10308 3.14341 0.00148746
397 3.10829 3.14332 0.00148634
398 3.11993 3.14326 0.00148377
399 3.09732 3.14315 0.00148452
400 3.16676 3.14321 0.00148198
401 3.13519 3.14319 0.00147841
402 3.08071 3.14303 0.00148289
403 3.1506 3.14305 0.00147933
404 3.14228 3.14305 0.00147566
405 3.09789 3.14294 0.00147623
406 3.14941 3.14295 0.00147268
407 3.15537 3.14298 0.00146937
408 3.14051 3.14298 0.00146578
409 3.14051 3.14297 0.0014622
410 3.14169 3.14297 0.00145863
411 3.10829 3.14288 0.00145753
412 3.15956 3.14292 0.00145455
413 3.19101 3.14304 0.00145568
414 3.15418 3.14307 0.00145241
415 3.18735 3.14317 0.00145283
416 3.06542 3.14299 0.00146134
417 3.1411 3.14298 0.00145784
418 3.18492 3.14308 0.0014578
419 3.1746 3.14316 0.00145626
420 3.2175 3.14333 0.00146354
421 3.18613 3.14344 0.00146359
422 3.12813 3.1434 0.00146057
423 3.17219 3.14347 0.0014587
424 3.1211 3.14342 0.00145621
425 3.19652 3.14354 0.00145815
426 3.17521 3.14361 0.00145662
427 3.15358 3.14364 0.00145339
428 3.11468 3.14357 0.00145157
429 3.11177 3.1435 0.00145008
430 3.1293 3.14346 0.00144708
431 3.10135 3.14337 0.00144702
432 3.07276 3.1432 0.00145288
433 3.1293 3.14317 0.00144988
434 3.09157 3.14305 0.00145141
435 3.14347 3.14305 0.00144807
436 3.13873 3.14304 0.00144478
437 3.1054 3.14296 0.00144404
438 3.14881 3.14297 0.0014408
439 3.10078 3.14287 0.00144073
440 3.11585 3.14281 0.00143876
441 3.11993 3.14276 0.00143643
442 3.1506 3.14278 0.00143329
443 3.09674 3.14267 0.00143382
444 3.14465 3.14268 0.0014306
445 3.12637 3.14264 0.00142785
446 3.17038 3.1427 0.001426
447 3.15597 3.14273 0.00142311
448 3.18248 3.14282 0.0014227
449 3.15716 3.14285 0.00141989
450 3.13401 3.14283 0.00141687
451 3.14822 3.14285 0.00141377
452 3.17945 3.14293 0.00141296
453 3.12227 3.14288 0.00141058
454 3.21502 3.14304 0.00141641
455 3.10366 3.14295 0.00141594
456 3.16076 3.14299 0.00141337
457 3.11993 3.14294 0.00141118
458 3.15657 3.14297 0.00140841
459 3.10713 3.14289 0.0014075
460 3.13637 3.14288 0.00140451
461 3.18796 3.14298 0.00140487
462 3.14941 3.14299 0.00140189
463 3.10887 3.14292 0.0014008
464 3.15298 3.14294 0.00139795
465 3.12813 3.14291 0.0013953
466 3.1506 3.14292 0.0013924
467 3.20328 3.14305 0.00139542
468 3.10655 3.14298 0.00139461
469 3.10078 3.14289 0.00139454
470 3.11643 3.14283 0.00139271
471 3.14406 3.14283 0.00138975
472 3.15657 3.14286 0.00138711
473 3.1346 3.14284 0.00138429
474 3.19714 3.14296 0.0013861
475 3.13637 3.14294 0.00138325
476 3.15896 3.14298 0.00138075
477 3.13107 3.14295 0.00137808
478 3.13107 3.14293 0.00137542
479 3.16496 3.14297 0.00137332
480 3.1746 3.14304 0.00137203
481 3.18066 3.14312 0.00137141
482 3.13578 3.1431 0.00136865
483 3.13578 3.14309 0.0013659
484 3.11643 3.14303 0.00136418
485 3.13814 3.14302 0.0013614
486 3.14703 3.14303 0.00135863
487 3.15 3.14305 0.00135591
488 3.19775 3.14316 0.00135776
489 3.16676 3.14321 0.00135584
490 3.11818 3.14315 0.00135404
491 3.10771 3.14308 0.0013532
492 3.17642 3.14315 0.00135215
493 3.15 3.14316 0.00134947
494 3.11876 3.14311 0.00134764
495 3.15 3.14313 0.00134499
496 3.14169 3.14313 0.00134228
497 3.14465 3.14313 0.00133958
498 3.12813 3.1431 0.00133723
499 3.10713 3.14303 0.00133649
500 3.16256 3.14307 0.00133439
501 3.14941 3.14308 0.00133178
502 3.16917 3.14313 0.00133014
503 3.14051 3.14312 0.0013275
504 3.13814 3.14311 0.0013249
505 3.15 3.14313 0.00132235
506 3.16196 3.14317 0.00132026
507 3.13873 3.14316 0.00131768
508 3.1506 3.14317 0.00131516
509 3.18796 3.14326 0.00131552
510 3.16496 3.1433 0.00131363
511 3.16196 3.14334 0.00131157
512 3.18309 3.14342 0.0013113
513 3.16196 3.14345 0.00130924
514 3.19591 3.14355 0.00131067
515 3.15179 3.14357 0.00130822
516 3.15956 3.1436 0.00130605
517 3.13873 3.14359 0.00130356
518 3.20636 3.14371 0.00130667
519 3.174 3.14377 0.00130545
520 3.10366 3.14369 0.00130522
521 3.14762 3.1437 0.00130274
522 3.10655 3.14363 0.00130218
523 3.11294 3.14357 0.00130102
524 3.11177 3.14351 0.00129995
525 3.1293 3.14348 0.00129775
526 3.1411 3.14348 0.00129529
527 3.09905 3.1434 0.00129558
528 3.13224 3.14337 0.00129329
529 3.15657 3.1434 0.00129109
530 3.09272 3.1433 0.00129219
531 3.1411 3.1433 0.00128976
532 3.14762 3.14331 0.00128736
533 3.14644 3.14331 0.00128496
534 3.15298 3.14333 0.00128268
535 3.10713 3.14326 0.00128206
536 3.18066 3.14333 0.00128157
537 3.11818 3.14329 0.00128004
538 3.14465 3.14329 0.00127766
539 3.17702 3.14335 0.00127682
540 3.12168 3.14331 0.00127509
541 3.11585 3.14326 0.00127374
542 3.10887 3.1432 0.00127297
543 3.16076 3.14323 0.00127103
544 3.11818 3.14318 0.00126953
545 3.11294 3.14313 0.00126841
546 3.14465 3.14313 0.00126609
547 3.14051 3.14313 0.00126378
548 3.12578 3.14309 0.00126187
549 3.11876 3.14305 0.00126035
550 3.13696 3.14304 0.00125811
551 3.13342 3.14302 0.00125594
552 3.13814 3.14301 0.0012537
553 3.14347 3.14301 0.00125143
554 3.13814 3.14301 0.0012492
555 3.13578 3.14299 0.00124701
556 3.1252 3.14296 0.00124518
557 3.13991 3.14295 0.00124295
558 3.14525 3.14296 0.00124073
559 3.14703 3.14297 0.00123853
560 3.15119 3.14298 0.00123641
561 3.13755 3.14297 0.00123424
562 3.14525 3.14298 0.00123205
563 3.13932 3.14297 0.00122987
564 3.15239 3.14299 0.0012278
565 3.15418 3.14301 0.00122579
566 3.15657 3.14303 0.00122386
567 3.2039 3.14314 0.0012264
568 3.16736 3.14318 0.00122498
569 3.13991 3.14317 0.00122284
570 3.13696 3.14316 0.00122074
571 3.17038 3.14321 0.00121954
572 3.13637 3.1432 0.00121746
573 3.13873 3.14319 0.00121536
574 3.15477 3.14321 0.00121341
575 3.15477 3.14323 0.00121146
576 3.10251 3.14316 0.00121142
577 3.13165 3.14314 0.00120949
578 3.19407 3.14323 0.0012106
579 3.16977 3.14327 0.00120938
580 3.15119 3.14329 0.00120737
581 3.18248 3.14336 0.00120718
582 3.09962 3.14328 0.00120744
583 3.11352 3.14323 0.00120645
584 3.14703 3.14324 0.0012044
585 3.10424 3.14317 0.00120418
586 3.15537 3.14319 0.00120231
587 3.13755 3.14318 0.0012003
588 3.11526 3.14313 0.00119919
589 3.12578 3.1431 0.00119752
590 3.13283 3.14309 0.00119561
591 3.09559 3.14301 0.00119629
592 3.13814 3.143 0.0011943
593 3.19898 3.14309 0.00119601
594 3.14881 3.1431 0.00119404
595 3.1252 3.14307 0.00119241
596 3.09272 3.14299 0.0011934
597 3.11061 3.14293 0.00119263
598 3.15716 3.14296 0.00119087
599 3.12461 3.14293 0.00118928
600 3.16256 3.14296 0.00118774
601 3.14406 3.14296 0.00118577
602 3.17098 3.14301 0.00118471
603 3.19468 3.14309 0.00118585
604 3.15657 3.14311 0.00118409
605 3.13165 3.1431 0.00118228
606 3.16857 3.14314 0.00118108
607 3.16797 3.14318 0.00117984
608 3.07844 3.14307 0.0011827
609 3.15179 3.14309 0.00118085
610 3.13637 3.14308 0.00117896
611 3.12227 3.14304 0.00117752
612 3.10945 3.14299 0.00117688
613 3.08015 3.14288 0.00117942
614 3.1904 3.14296 0.00118004
615 3.0739 3.14285 0.00118346
616 3.15298 3.14287 0.00118165
617 3.11061 3.14281 0.00118089
618 3.16016 3.14284 0.00117931
619 3.15418 3.14286 0.00117755
620 3.1054 3.1428 0.0011772
621 3.18857 3.14287 0.00117761
622 3.16016 3.1429 0.00117604
623 3.18066 3.14296 0.00117572
624 3.14465 3.14296 0.00117383
625 3.11352 3.14292 0.0011729
626 3.18066 3.14298 0.00117258
627 3.17702 3.14303 0.00117196
628 3.19468 3.14311 0.00117298
629 3.14822 3.14312 0.00117115
630 3.13401 3.14311 0.00116937
631 3.17339 3.14316 0.00116851
632 3.14822 3.14316 0.00116668
633 3.14406 3.14316 0.00116484
634 3.13165 3.14315 0.00116314
635 3.15597 3.14317 0.00116148
636 3.13578 3.14316 0.00115972
637 3.14644 3.14316 0.0011579
638 3.19224 3.14324 0.00115864
639 3.14703 3.14324 0.00115685
640 3.15716 3.14326 0.00115524
641 3.11236 3.14322 0.00115444
642 3.15896 3.14324 0.00115291
643 3.09444 3.14317 0.00115361
644 3.16316 3.1432 0.00115224
645 3.18857 3.14327 0.0011526
646 3.16016 3.14329 0.00115111
647 3.14584 3.1433 0.00114933
648 3.12695 3.14327 0.00114784
649 3.17339 3.14332 0.00114701
650 3.15537 3.14334 0.00114539
651 3.16496 3.14337 0.00114411
652 3.14762 3.14338 0.00114237
653 3.11935 3.14334 0.00114122
654 3.14644 3.14334 0.00113948
655 3.13283 3.14333 0.00113785
656 3.17642 3.14338 0.00113724
657 3.15298 3.14339 0.0011356
658 3.12051 3.14336 0.0011344
659 3.10482 3.1433 0.00113419
660 3.12285 3.14327 0.00113289
661 3.15179 3.14328 0.00113125
662 3.15477 3.1433 0.00112968
663 3.19591 3.14338 0.00113076
664 3.15358 3.14339 0.00112916
665 3.12989 3.14337 0.00112764
666 3.16016 3.1434 0.00112623
667 3.09502 3.14333 0.00112688
668 3.13342 3.14331 0.00112529
669 3.15239 3.14333 0.00112368
670 3.14406 3.14333 0.00112201
671 3.13283 3.14331 0.00112044
672 3.13283 3.14329 0.00111888
673 3.18309 3.14335 0.00111878
674 3.11935 3.14332 0.00111769
675 3.13873 3.14331 0.00111605
676 3.14288 3.14331 0.0011144
677 3.11993 3.14328 0.00111329
678 3.16917 3.14331 0.0011123
679 3.12578 3.14329 0.00111096
680 3.13342 3.14327 0.00110942
681 3.16196 3.1433 0.00110813
682 3.16977 3.14334 0.00110719
683 3.1293 3.14332 0.00110576
684 3.17339 3.14336 0.00110501
685 3.11119 3.14332 0.0011044
686 3.11643 3.14328 0.00110348
687 3.15239 3.14329 0.00110195
688 3.14881 3.1433 0.00110038
689 3.10135 3.14324 0.00110047
690 3.11818 3.1432 0.00109947
691 3.19714 3.14328 0.00110065
692 3.11701 3.14324 0.00109971
693 3.09732 3.14318 0.00110012
694 3.16196 3.1432 0.00109887
695 3.12754 3.14318 0.00109752
696 3.2076 3.14327 0.00109984
697 3.18309 3.14333 0.00109975
698 3.11177 3.14328 0.0010991
699 3.14288 3.14328 0.00109753
700 3.12461 3.14326 0.00109628
701 3.12754 3.14324 0.00109495
702 3.15239 3.14325 0.00109347
703 3.19898 3.14333 0.00109478
704 3.13519 3.14332 0.00109329
705 3.14644 3.14332 0.00109175
706 3.12872 3.1433 0.00109039
707 3.14288 3.1433 0.00108885
708 3.11643 3.14326 0.00108797
709 3.14051 3.14326 0.00108645
710 3.16076 3.14328 0.00108519
711 3.20082 3.14336 0.00108668
712 3.1141 3.14332 0.00108593
713 3.11294 3.14328 0.00108525
714 3.12285 3.14325 0.0010841
715 3.14644 3.14325 0.0010826
716 3.19224 3.14332 0.00108325
717 3.16016 3.14335 0.00108199
718 3.11177 3.1433 0.00108137
719 3.13991 3.1433 0.00107988
720 3.16496 3.14333 0.0010788
721 3.17098 3.14337 0.00107798
722 3.12344 3.14334 0.00107684
723 3.14347 3.14334 0.00107535
724 3.15477 3.14335 0.00107398
725 3.14347 3.14336 0.0010725
726 3.12168 3.14333 0.00107144
727 3.10366 3.14327 0.00107135
728 3.15836 3.14329 0.00107008
729 3.14703 3.1433 0.00106862
730 3.11468 3.14326 0.00106788
731 3.14347 3.14326 0.00106642
732 3.11643 3.14322 0.00106559
733 3.16016 3.14324 0.00106439
734 3.16136 3.14327 0.00106322
735 3.13519 3.14326 0.00106183
736 3.18918 3.14332 0.00106222
737 3.13224 3.14331 0.00106089
738 3.14584 3.14331 0.00105945
739 3.15597 3.14333 0.00105816
740 3.17884 3.14337 0.00105782
741 3.14703 3.14338 0.0010564
742 3.14881 3.14339 0.001055
743 3.12813 3.14337 0.00105378
744 3.13578 3.14336 0.00105241
745 3.15716 3.14337 0.00105116
746 3.13578 3.14336 0.0010498
747 3.11177 3.14332 0.00104925
748 3.15477 3.14334 0.00104795
749 3.16977 3.14337 0.00104715
750 3.12637 3.14335 0.001046
751 3.19468 3.14342 0.00104684
752 3.11818 3.14338 0.00104598
753 3.14584 3.14339 0.0010446
754 3.1176 3.14335 0.00104377
755 3.18613 3.14341 0.00104393
756 3.17702 3.14345 0.00104349
757 3.17339 3.14349 0.00104286
758 3.17702 3.14354 0.00104243
759 3.15239 3.14355 0.00104112
760 3.16616 3.14358 0.00104017
761 3.15119 3.14359 0.00103885
762 3.17339 3.14363 0.00103823
763 3.15358 3.14364 0.00103695
764 3.14762 3.14365 0.0010356
765 3.13991 3.14364 0.00103426
766 3.17945 3.14369 0.00103396
767 3.21812 3.14379 0.00103717
768 3.13165 3.14377 0.00103594
769 3.11177 3.14373 0.00103542
770 3.12637 3.14371 0.00103432
771 3.18188 3.14376 0.00103417
772 3.13224 3.14374 0.00103293
773 3.16256 3.14376 0.00103188
774 3.20513 3.14384 0.00103359
775 3.1953 3.14391 0.00103439
776 3.14347 3.14391 0.00103306
777 3.20143 3.14398 0.00103438
778 3.13519 3.14397 0.00103311
779 3.1346 3.14396 0.00103186
780 3.11585 3.14392 0.00103116
781 3.16556 3.14395 0.00103021
782 3.10135 3.1439 0.00103034
783 3.21626 3.14399 0.00103316
784 3.12051 3.14396 0.00103228
785 3.1211 3.14393 0.00103137
786 3.13283 3.14392 0.00103016
787 3.12695 3.1439 0.00102907
788 3.16917 3.14393 0.00102827
789 3.09789 3.14387 0.00102862
790 3.06147 3.14376 0.0010326
791 3.13814 3.14376 0.00103131
792 3.14822 3.14376 0.00103003
793 3.13107 3.14375 0.00102885
794 3.17038 3.14378 0.0010281
795 3.11236 3.14374 0.00102757
796 3.15179 3.14375 0.00102633
797 3.15657 3.14377 0.00102516
798 3.1176 3.14373 0.0010244
799 3.12989 3.14372 0.00102327
800 3.16977 3.14375 0.00102251
801 3.07446 3.14366 0.00102489
802 3.20513 3.14374 0.00102647
803 3.10655 3.14369 0.00102624
804 3.15179 3.1437 0.00102501
805 3.09962 3.14365 0.0010252
806 3.11526 3.14361 0.00102453
807 3.12578 3.14359 0.0010235
808 3.11585 3.14356 0.00102281
809 3.18796 3.14361 0.00102302
810 3.13401 3.1436 0.00102182
811 3.17219 3.14364 0.00102117
812 3.16076 3.14366 0.00102013
813 3.11526 3.14362 0.00101947
814 3.13578 3.14361 0.00101827
815 3.11003 3.14357 0.00101785
816 3.11993 3.14354 0.00101702
817 3.17098 3.14358 0.00101632
818 3.09387 3.14351 0.0010169
819 3.11061 3.14347 0.00101645
820 3.15657 3.14349 0.00101534
821 3.17581 3.14353 0.00101486
822 3.12813 3.14351 0.0010138
823 3.10945 3.14347 0.00101341
824 3.17038 3.1435 0.00101271
825 3.16256 3.14353 0.00101174
826 3.20636 3.1436 0.00101338
827 3.11003 3.14356 0.00101297
828 3.15 3.14357 0.00101177
829 3.15776 3.14359 0.00101069
830 3.09905 3.14353 0.0010109
831 3.12051 3.1435 0.00101006
832 3.1252 3.14348 0.00100909
833 3.18127 3.14353 0.0010089
834 3.13107 3.14351 0.0010078
835 3.09387 3.14345 0.00100834
836 3.20451 3.14353 0.00100978
837 3.13873 3.14352 0.00100859
838 3.16616 3.14355 0.00100775
839 3.17824 3.14359 0.0010074
840 3.15896 3.14361 0.00100636
841 3.14228 3.14361 0.00100517
842 3.1054 3.14356 0.001005
843 3.14584 3.14356 0.00100381
844 3.1953 3.14362 0.00100449
845 3.17339 3.14366 0.00100392
846 3.15418 3.14367 0.00100281
847 3.15298 3.14368 0.00100168
848 3.10078 3.14363 0.00100178
849 3.13283 3.14362 0.00100068
850 3.12051 3.14359 0.000999873
851 3.13814 3.14359 0.000998718
852 3.1176 3.14356 0.000998011
853 3.16736 3.14358 0.000997231
854 3.13342 3.14357 0.000996134
855 3.11585 3.14354 0.000995496
856 3.13637 3.14353 0.000994368
857 3.18735 3.14358 0.000994522
858 3.11935 3.14355 0.000993764
859 3.12872 3.14354 0.000992757
860 3.18735 3.14359 0.00099291
861 3.18188 3.14363 0.000992752
862 3.08756 3.14357 0.000993731
863 3.15776 3.14358 0.000992715
864 3.13814 3.14358 0.000991586
865 3.12813 3.14356 0.0009906
866 3.11119 3.14352 0.000990161
867 3.18188 3.14357 0.000990007
868 3.1002 3.14352 0.000990127
869 3.17158 3.14355 0.000989514
870 3.08585 3.14348 0.000990599
871 3.13283 3.14347 0.000989536
872 3.11585 3.14344 0.000988908
873 3.12872 3.14342 0.000987919
874 3.14406 3.14342 0.000986788
875 3.15298 3.14343 0.00098572
876 3.15298 3.14344 0.000984655
877 3.16436 3.14347 0.000983821
878 3.15119 3.14348 0.000982739
879 3.16316 3.1435 0.000981875
880 3.16736 3.14353 0.000981134
881 3.13283 3.14351 0.000980095
882 3.16857 3.14354 0.000979395
883 3.14288 3.14354 0.000978285
884 3.09674 3.14349 0.000978611
885 3.13519 3.14348 0.00097755
886 3.15776 3.1435 0.000976579
887 3.12695 3.14348 0.000975655
888 3.08356 3.14341 0.000976889
889 3.15 3.14342 0.000975817
890 3.13637 3.14341 0.000974753
891 3.15 3.14342 0.000973686
892 3.15358 3.14343 0.000972661
893 3.11061 3.14339 0.000972265
894 3.14406 3.14339 0.000971178
895 3.13637 3.14338 0.000970124
896 3.12813 3.14337 0.00096919
897 3.1054 3.14332 0.000969034
898 3.16436 3.14335 0.000968237
899 3.11061 3.14331 0.000967845
900 3.11236 3.14328 0.000967381
901 3.13814 3.14327 0.000966323
902 3.12637 3.14325 0.000965433
903 3.14169 3.14325 0.000964365
904 3.0722 3.14317 0.000966499
905 3.09905 3.14312 0.000966661
906 3.16616 3.14315 0.000965928
907 3.15179 3.14316 0.00096491
908 3.14347 3.14316 0.000963846
909 3.1506 3.14317 0.00096282
910 3.14051 3.14316 0.000961766
911 3.1176 3.14314 0.00096112
912 3.12402 3.14312 0.000960294
913 3.18248 3.14316 0.00096021
914 3.13048 3.14314 0.000959259
915 3.11061 3.14311 0.00095887
916 3.13283 3.1431 0.000957888
917 3.16797 3.14312 0.000957227
918 3.12578 3.14311 0.00095637
919 3.12285 3.14308 0.000955583
920 3.15477 3.1431 0.000954629
921 3.14644 3.1431 0.000953598
922 3.15298 3.14311 0.000952624
923 3.09272 3.14306 0.000953156
924 3.14762 3.14306 0.000952137
925 3.06767 3.14298 0.000954592
926 3.23687 3.14308 0.000958937
927 3.15537 3.14309 0.000957994
928 3.10482 3.14305 0.000957849
929 3.12872 3.14304 0.000956942
930 3.11352 3.14301 0.000956439
931 3.12989 3.14299 0.000955515
932 3.17158 3.14302 0.000954983
933 3.13224 3.14301 0.000954028
934 3.19775 3.14307 0.000954807
935 3.17642 3.14311 0.000954452
936 3.13342 3.14309 0.000953487
937 3.14822 3.1431 0.000952485
938 3.10135 3.14306 0.000952509
939 3.12344 3.14303 0.000951724
940 3.14881 3.14304 0.000950731
941 3.16977 3.14307 0.000950145
942 3.12227 3.14305 0.000949392
943 3.13342 3.14304 0.00094844
944 3.13991 3.14303 0.00094744
945 3.15298 3.14304 0.000946496
946 3.091 3.14299 0.000947094
947 3.12578 3.14297 0.000946268
948 3.1211 3.14295 0.000945551
949 3.15179 3.14296 0.0009446
950 3.1837 3.143 0.000944579
951 3.18492 3.14304 0.000944614
952 3.11818 3.14302 0.000943983
953 3.12227 3.143 0.000943243
954 3.14762 3.143 0.000942266
955 3.20205 3.14306 0.000943308
956 3.18796 3.14311 0.00094349
957 3.18492 3.14315 0.000943516
958 3.18431 3.1432 0.000943509
959 3.16436 3.14322 0.000942783
960 3.11468 3.14319 0.000942269
961 3.1411 3.14319 0.00094129
962 3.14228 3.14319 0.000940312
963 3.12578 3.14317 0.000939509
964 3.17581 3.1432 0.000939144
965 3.15956 3.14322 0.000938324
966 3.12344 3.1432 0.000937576
967 3.13283 3.14319 0.000936667
968 3.20205 3.14325 0.000937673
969 3.13401 3.14324 0.000936753
970 3.17219 3.14327 0.000936262
971 3.14584 3.14327 0.000935301
972 3.14822 3.14328 0.000934353
973 3.17884 3.14331 0.000934107
974 3.12813 3.1433 0.000933278
975 3.20451 3.14336 0.000934432
976 3.10424 3.14332 0.000934334
977 3.11352 3.14329 0.000933875
978 3.10424 3.14325 0.000933774
979 3.16797 3.14327 0.000933161
980 3.15119 3.14328 0.000932244
981 3.13519 3.14327 0.000931329
982 3.09502 3.14323 0.000931678
983 3.18492 3.14327 0.000931695
984 3.11003 3.14323 0.00093136
985 3.11003 3.1432 0.000931025
986 3.1411 3.1432 0.000930082
987 3.18796 3.14324 0.000930246
988 3.14644 3.14325 0.000929309
989 3.16076 3.14326 0.000928538
990 3.13342 3.14325 0.000927653
991 3.15 3.14326 0.000926741
992 3.06824 3.14319 0.000928891
993 3.11468 3.14316 0.000928399
994 3.09387 3.14311 0.000928789
995 3.14525 3.14311 0.000927857
996 3.09962 3.14307 0.000927953
997 3.16977 3.14309 0.000927409
998 3.14644 3.1431 0.000926485
999 3.15836 3.14311 0.000925683
1000 3.10193 3.14307 0.000925674
