# European option pricing by Monte Carlo direct sampling of S(T)
# Total number of throws (option price simulations): M = 1000000
# Number of blocks: N = 1000
# Throws per block: L = 1000
# Initial time: t0 = 0
# Final time (expiry date): T = 1
# Initial spot price of the underlying: S0 = 100
# Strike price: K = 100
# Risk-free interest rate: r = 0.1
# Market volatility: sigma = 0.25
# Discount factor: exp(-rT) = 0.904837
# Columns:
# 1) block index
# 2) progressive mean of the call option price
# 3) progressive statistical uncertainty
# 4) progressive mean of the put option price
# 5) progressive statistical uncertainty
1 15.7375 0 5.50927 0
2 15.4157 0.321776 5.48222 0.0270449
3 15.2814 0.229225 5.4596 0.0274865
4 15.2701 0.162482 5.5771 0.1191
5 15.0083 0.290475 5.56701 0.0928047
6 14.9337 0.248613 5.54237 0.0796825
7 15.0223 0.228007 5.52919 0.0686204
8 15.1611 0.241352 5.53265 0.0595275
9 15.1115 0.218556 5.51015 0.0571184
10 15.0817 0.197732 5.54663 0.06278
11 15.0003 0.196505 5.58604 0.0691202
12 15.0214 0.180618 5.50538 0.102408
13 15.045 0.167805 5.45621 0.106265
14 15.0392 0.155464 5.43069 0.101636
15 14.9702 0.160352 5.46113 0.0993924
16 14.9757 0.150099 5.46301 0.0929922
17 14.8863 0.16697 5.49885 0.0944166
18 14.9503 0.16994 5.50089 0.0890402
19 14.9448 0.16084 5.50694 0.0844405
20 14.9222 0.154252 5.49142 0.0815957
21 14.9246 0.146743 5.48983 0.0776293
22 14.9498 0.142152 5.47903 0.0748012
23 14.9184 0.139416 5.49205 0.0726514
24 14.9126 0.133605 5.50424 0.0706193
25 14.915 0.128173 5.49623 0.0682075
26 14.934 0.124597 5.49527 0.0655388
27 14.9584 0.122358 5.49053 0.0632423
28 14.9834 0.120512 5.47888 0.0620457
29 14.9902 0.116486 5.47845 0.0598695
30 14.9864 0.112602 5.47778 0.0578433
31 14.9892 0.108947 5.48719 0.056731
32 15.0195 0.109731 5.48839 0.0549427
33 15.0006 0.108015 5.486 0.0533053
34 15.0104 0.10525 5.48019 0.0520392
35 15.0066 0.10227 5.46779 0.0520289
36 14.9784 0.103326 5.48221 0.0525789
37 14.9845 0.100683 5.48199 0.0511386
38 14.9989 0.0990511 5.47593 0.0501427
39 15.0039 0.0966046 5.4699 0.0492105
40 15.0018 0.0941816 5.46923 0.0479691
41 14.9777 0.0949668 5.4668 0.0468474
42 14.9854 0.0929986 5.46092 0.046095
43 15.0048 0.092849 5.46182 0.0450192
44 15.0258 0.0931314 5.45733 0.0442134
45 15.0112 0.0922145 5.46283 0.0435683
46 14.992 0.0921952 5.47662 0.0447876
47 14.9914 0.0902148 5.48425 0.0444833
48 14.9806 0.0889661 5.4786 0.0439111
49 14.9524 0.0915995 5.47322 0.0433418
50 14.9575 0.0898986 5.47459 0.0424884
51 14.9619 0.0882275 5.46679 0.0423706
52 14.9619 0.0865142 5.46729 0.0415508
53 14.9604 0.084879 5.46625 0.0407726
54 14.9531 0.083617 5.47009 0.0401945
55 14.9689 0.0836063 5.4722 0.0395133
56 14.9481 0.0846991 5.4783 0.0392773
57 14.9539 0.0834006 5.4811 0.0386833
58 14.9481 0.0821561 5.47614 0.0383324
59 14.9646 0.0824154 5.46942 0.0382712
60 14.9475 0.0827997 5.46959 0.0376283
61 14.9364 0.0821874 5.47411 0.0372809
62 14.9388 0.080886 5.46864 0.0370793
63 14.938 0.0795962 5.4661 0.0365746
64 14.9519 0.0795775 5.4623 0.0361986
65 14.9672 0.0798283 5.45955 0.0357435
66 14.9615 0.0788212 5.46314 0.0353807
67 14.9692 0.0780236 5.46141 0.0348915
68 14.9669 0.0769048 5.46189 0.0343779
69 14.9689 0.0758097 5.45713 0.0342084
70 14.964 0.0748791 5.45484 0.0337938
71 14.9742 0.0745166 5.454 0.033325
72 14.9988 0.0774973 5.45023 0.0330747
73 15.0105 0.0773099 5.44919 0.0326349
74 15.0134 0.0763127 5.44561 0.0323903
75 15.0141 0.0752921 5.44324 0.0320432
76 15.011 0.074361 5.43512 0.0326444
77 15.0097 0.0733996 5.43536 0.0322186
78 15.0147 0.0726203 5.42869 0.0324943
79 15.0122 0.0717392 5.43072 0.0321444
80 15.0162 0.0709519 5.43356 0.0318669
81 15.0192 0.070136 5.43567 0.0315416
82 15.0114 0.0697128 5.43781 0.031228
83 15.0098 0.0688869 5.4385 0.0308572
84 15.0063 0.0681512 5.4423 0.0307241
85 14.9998 0.0676613 5.44388 0.0304014
86 14.9937 0.067145 5.44293 0.0300608
87 14.9844 0.0670114 5.44588 0.0298594
88 14.9816 0.0663048 5.44055 0.0299966
89 14.9827 0.0655634 5.44071 0.0296581
90 14.981 0.0648523 5.44227 0.0293678
91 14.9748 0.0644314 5.44942 0.0299123
92 14.9735 0.0637404 5.45095 0.0296249
93 14.9743 0.0630561 5.45028 0.0293124
94 14.9757 0.062397 5.44872 0.0290408
95 14.98 0.0618845 5.44228 0.0294453
96 14.9891 0.0619144 5.4407 0.0291801
97 15.0031 0.0628617 5.44091 0.0288785
98 15.0026 0.0622194 5.44045 0.0285861
99 14.9993 0.0616739 5.44154 0.0283169
100 14.9914 0.0615667 5.44982 0.0292296
101 14.9915 0.0609541 5.44984 0.0289388
102 14.9965 0.0605605 5.44995 0.0286539
103 15.001 0.060144 5.4507 0.0283844
104 15.0047 0.059677 5.45006 0.0281175
105 15.0121 0.0595679 5.44784 0.0279365
106 15.0165 0.0591669 5.44405 0.0279302
107 15.0043 0.0598665 5.44998 0.0282965
108 14.9969 0.0597762 5.45387 0.0283008
109 15.0038 0.0596234 5.45028 0.0282685
110 15.0142 0.0599929 5.44945 0.0280227
111 15.0144 0.0594505 5.44755 0.0278341
112 15.0121 0.0589629 5.44601 0.0276274
113 15.0099 0.058482 5.44537 0.0273891
114 15.0206 0.0589489 5.44191 0.0273686
115 15.0109 0.0592386 5.44087 0.0271491
116 15.0166 0.0590025 5.44098 0.0269143
117 15.0113 0.0587296 5.44058 0.0266862
118 15.014 0.0582916 5.4403 0.0264606
119 15.0134 0.0578027 5.44358 0.0264415
120 15.0168 0.0574189 5.44547 0.0262884
121 15.0165 0.0569435 5.44406 0.0261084
122 15.0138 0.0565361 5.4473 0.0260952
123 15.024 0.0569912 5.44675 0.0258879
124 15.0297 0.0568106 5.44581 0.0256955
125 15.0248 0.0565621 5.44602 0.0254899
126 15.0198 0.0563339 5.44914 0.0254788
127 15.0208 0.0558971 5.45169 0.0254054
128 15.0177 0.0555442 5.45067 0.0252269
129 15.0074 0.0560647 5.45049 0.0250313
130 15.0138 0.0560008 5.45003 0.0248422
131 15.0125 0.0555879 5.45225 0.0247515
132 15.0197 0.0556298 5.45082 0.0246046
133 15.0213 0.0552344 5.45237 0.0244675
134 15.0291 0.0553679 5.45511 0.0244384
135 15.0271 0.0549898 5.45503 0.0242568
136 15.0293 0.0546259 5.45583 0.0240909
137 15.0359 0.0546298 5.454 0.0239843
138 15.0473 0.0554143 5.45671 0.0239639
139 15.0532 0.0553319 5.45616 0.0237972
140 15.0477 0.055216 5.45731 0.0236547
141 15.0436 0.054974 5.45708 0.0234875
142 15.0449 0.0546022 5.45556 0.0233712
143 15.0488 0.0543562 5.4556 0.0232072
144 15.055 0.0543374 5.45339 0.0231513
145 15.0592 0.0541249 5.45001 0.0232374
146 15.062 0.0538254 5.44868 0.0231162
147 15.0641 0.053498 5.44762 0.022983
148 15.0687 0.0533319 5.4444 0.0230521
149 15.0688 0.0529729 5.44521 0.022911
150 15.0705 0.052646 5.44324 0.0228426
151 15.0669 0.0524236 5.4426 0.0226999
152 15.0612 0.0523819 5.4461 0.0228208
153 15.0608 0.0520404 5.44895 0.02285
154 15.0573 0.0518193 5.44862 0.0227037
155 15.0588 0.0515061 5.45008 0.0226038
156 15.0549 0.05132 5.45322 0.0226776
157 15.0553 0.0509936 5.45431 0.022559
158 15.0496 0.050989 5.45392 0.0224193
159 15.0513 0.0506946 5.45016 0.0225929
160 15.0506 0.050381 5.45234 0.022557
161 15.0392 0.0513638 5.45548 0.0226357
162 15.0327 0.0514598 5.45619 0.0225068
163 15.0352 0.0512061 5.45558 0.0223768
164 15.0331 0.0509345 5.45731 0.0223073
165 15.0344 0.0506407 5.45832 0.0221947
166 15.0315 0.0504178 5.45817 0.0220611
167 15.0327 0.0501299 5.45719 0.0219502
168 15.0279 0.0500599 5.45658 0.0218279
169 15.0302 0.0498129 5.45536 0.0217327
170 15.0293 0.0495275 5.45453 0.0216204
171 15.0307 0.0492595 5.45422 0.0214957
172 15.0317 0.0489817 5.45148 0.0215455
173 15.0307 0.0487074 5.44926 0.0215353
174 15.0376 0.048914 5.4493 0.0214112
175 15.0367 0.048643 5.4495 0.0212895
176 15.0371 0.0483673 5.44917 0.0211708
177 15.0378 0.0480994 5.45073 0.0211088
178 15.0387 0.047837 5.45047 0.0209915
179 15.0424 0.0477129 5.44923 0.0209105
180 15.038 0.0476586 5.44862 0.020803
181 15.033 0.0476528 5.44999 0.0207328
182 15.0296 0.0475109 5.45021 0.0206197
183 15.0294 0.047251 5.45166 0.020558
184 15.0267 0.047075 5.45318 0.0205022
185 15.0269 0.0468205 5.45274 0.0203957
186 15.0296 0.0466449 5.45523 0.0204376
187 15.0282 0.0464147 5.45592 0.0203398
188 15.029 0.0461734 5.45604 0.0202317
189 15.0312 0.0459813 5.45871 0.0203011
190 15.0254 0.0460962 5.46001 0.020236
191 15.0279 0.0459174 5.46232 0.0202608
192 15.0282 0.0456787 5.46523 0.0203644
193 15.0299 0.0454763 5.46647 0.0202965
194 15.0306 0.0452463 5.46499 0.0202454
195 15.029 0.0450424 5.46825 0.0204036
196 15.0283 0.0448181 5.46948 0.020336
197 15.0264 0.0446279 5.46976 0.0202344
198 15.0272 0.0444077 5.46979 0.020132
199 15.0322 0.0444661 5.46845 0.0200748
200 15.0322 0.0442432 5.46884 0.0199779
201 15.0315 0.0440285 5.47213 0.0201485
202 15.0337 0.0438699 5.47197 0.0200491
203 15.0314 0.0437147 5.47302 0.0199778
204 15.0308 0.0435038 5.47269 0.0198823
205 15.0295 0.0433114 5.4736 0.0198061
206 15.0315 0.0431461 5.47405 0.0197147
207 15.0276 0.0431117 5.47398 0.0196193
208 15.0287 0.0429163 5.4737 0.0195268
209 15.0281 0.0427141 5.47324 0.0194386
210 15.0289 0.0425168 5.47306 0.0193466
211 15.0312 0.0423778 5.47251 0.0192627
212 15.0292 0.0422235 5.472 0.0191783
213 15.0259 0.0421562 5.47193 0.0190882
214 15.0284 0.0420356 5.47038 0.019062
215 15.0301 0.0418726 5.46871 0.0190459
216 15.0257 0.0419031 5.46965 0.0189806
217 15.0244 0.0417324 5.47126 0.0189614
218 15.0225 0.0415817 5.47063 0.0188847
219 15.0217 0.0413986 5.47422 0.0191382
220 15.0193 0.0412836 5.47323 0.0190769
221 15.0228 0.0412469 5.47136 0.0190822
222 15.0212 0.0410896 5.47328 0.0190929
223 15.0214 0.0409054 5.47315 0.0190075
224 15.0249 0.0408732 5.4725 0.0189336
225 15.0228 0.040746 5.47484 0.0189941
226 15.0213 0.0405928 5.47588 0.0189383
227 15.0239 0.0404936 5.47552 0.0188581
228 15.0285 0.0405829 5.47335 0.0188997
229 15.0244 0.0406147 5.47538 0.0189261
230 15.025 0.0404415 5.47321 0.0189678
231 15.0258 0.0402743 5.47238 0.0189039
232 15.0286 0.0401993 5.47245 0.0188224
233 15.0228 0.0404383 5.47433 0.018835
234 15.0177 0.040591 5.47667 0.0189004
235 15.0139 0.0405948 5.47783 0.0188554
236 15.0124 0.0404513 5.47723 0.018785
237 15.0135 0.0402945 5.4754 0.0187947
238 15.0131 0.0401267 5.4743 0.018748
239 15.0131 0.0399585 5.47297 0.0187167
240 15.0142 0.0398081 5.47268 0.0186408
241 15.0168 0.0397264 5.47179 0.0185847
242 15.0161 0.0395688 5.47022 0.0185739
243 15.0172 0.0394226 5.46923 0.0185236
244 15.0227 0.0396363 5.46711 0.0185699
245 15.02 0.0395631 5.46694 0.0184947
246 15.0194 0.0394068 5.46487 0.0185352
247 15.0203 0.039258 5.4643 0.0184686
248 15.0242 0.0392897 5.4641 0.0183951
249 15.0293 0.039458 5.46467 0.01833
250 15.0293 0.0392998 5.4642 0.0182627
251 15.0264 0.0392459 5.46315 0.01822
252 15.0219 0.0393549 5.46336 0.0181488
253 15.0222 0.0392004 5.46309 0.0180789
254 15.0209 0.0390659 5.46405 0.0180334
255 15.0205 0.0389144 5.46372 0.0179655
256 15.0216 0.0387754 5.46353 0.0178962
257 15.02 0.0386538 5.46461 0.0178589
258 15.0168 0.0386384 5.46787 0.0180873
259 15.0196 0.0385902 5.46639 0.0180781
260 15.0213 0.0384782 5.46636 0.0180085
261 15.0188 0.0384085 5.46775 0.0179932
262 15.0169 0.0383131 5.46669 0.0179556
263 15.0136 0.0383101 5.46717 0.0178936
264 15.0098 0.038348 5.46738 0.0178268
265 15.0117 0.0382488 5.46754 0.0177602
266 15.0086 0.0382308 5.46691 0.0177044
267 15.0046 0.0382905 5.46773 0.017657
268 15.0063 0.0381828 5.46765 0.0175912
269 15.0057 0.038045 5.46748 0.0175265
270 15.0031 0.037995 5.46709 0.0174659
271 15.0058 0.0379537 5.4671 0.0174013
272 15.0054 0.0378168 5.46641 0.0173512
273 15.0106 0.0380392 5.46532 0.017322
274 15.009 0.0379318 5.46587 0.0172674
275 15.0086 0.0377963 5.46595 0.0172047
276 15.0045 0.0378781 5.46693 0.0171702
277 15.005 0.037744 5.46721 0.0171104
278 15.0042 0.0376155 5.46752 0.0170516
279 15.0049 0.0374861 5.46758 0.0169905
280 15.0066 0.0373921 5.46532 0.0170798
281 15.0101 0.0374228 5.46355 0.0171101
282 15.0061 0.0375087 5.46583 0.0172002
283 15.0072 0.0373945 5.46566 0.0171401
284 15.006 0.0372821 5.46674 0.0171136
285 15.007 0.0371638 5.46703 0.017056
286 15.0079 0.0370445 5.46645 0.017006
287 15.0079 0.0369153 5.46795 0.0170128
288 15.005 0.0368988 5.46654 0.0170127
289 15.0059 0.0367828 5.4645 0.0170751
290 15.0093 0.0368142 5.46332 0.0170571
291 15.0103 0.0367 5.462 0.0170502
292 15.0108 0.036578 5.46121 0.0170099
293 15.0129 0.0365092 5.45957 0.0170305
294 15.0132 0.0363868 5.45988 0.0169752
295 15.0104 0.0363736 5.46031 0.0169231
296 15.0094 0.0362643 5.46083 0.0168737
297 15.008 0.0361707 5.46043 0.0168215
298 15.0066 0.0360734 5.45976 0.0167782
299 15.0046 0.0360081 5.45947 0.0167246
300 15.006 0.035913 5.45962 0.0166695
301 15.0037 0.0358689 5.45954 0.0166142
302 15.0039 0.0357509 5.4589 0.0165715
303 15.0062 0.0357037 5.45876 0.0165173
304 15.01 0.0357897 5.45685 0.0165732
305 15.01 0.0356721 5.45577 0.0165543
306 15.0098 0.0355558 5.45642 0.0165131
307 15.0122 0.0355234 5.45707 0.0164719
308 15.0099 0.0354818 5.45634 0.0164344
309 15.0067 0.0355152 5.45651 0.016382
310 15.0073 0.0354063 5.45494 0.0164044
311 15.0082 0.0353043 5.45344 0.0164205
312 15.0068 0.0352221 5.45327 0.0163686
313 15.0067 0.0351094 5.45279 0.0163235
314 15.0042 0.0350882 5.45437 0.0163485
315 15.0015 0.035083 5.45467 0.0162992
316 15.0032 0.0350135 5.45385 0.0162678
317 15.0012 0.0349586 5.45387 0.0162164
318 15.0048 0.0350385 5.45375 0.0161659
319 15.0085 0.0351213 5.45365 0.0161154
320 15.0077 0.0350201 5.45335 0.0160678
321 15.0053 0.0349929 5.45299 0.0160216
322 15.004 0.0349079 5.45319 0.015973
323 15.0054 0.0348252 5.452 0.0159677
324 15.0057 0.0347188 5.45073 0.015969
325 15.0043 0.034638 5.45186 0.0159594
326 15.0039 0.0345346 5.45295 0.0159481
327 15.0011 0.0345412 5.45343 0.0159063
328 14.9999 0.0344555 5.45257 0.0158808
329 15.001 0.0343669 5.45332 0.0158502
330 14.998 0.0343912 5.45529 0.0159248
331 14.9982 0.0342881 5.45555 0.0158787
332 14.9976 0.0341908 5.45376 0.0159315
333 14.9981 0.0340923 5.45331 0.0158902
334 14.9981 0.0339901 5.45294 0.0158469
335 14.9985 0.033891 5.45325 0.0158027
336 14.9984 0.0337905 5.45435 0.0157939
337 14.9958 0.0337911 5.45544 0.0157844
338 14.9994 0.0338839 5.45523 0.0157391
339 15.0031 0.0339877 5.45328 0.0158125
340 15.0038 0.0338949 5.45354 0.015768
341 15.0039 0.0337956 5.45324 0.0157245
342 15.0038 0.0336967 5.45279 0.0156848
343 15.0006 0.0337523 5.45341 0.0156512
344 15.0031 0.0337494 5.45269 0.0156222
345 15.0045 0.0336799 5.45189 0.0155973
346 15.0042 0.033584 5.45313 0.015601
347 15.0062 0.0335448 5.45225 0.0155809
348 15.0059 0.0334497 5.45206 0.0155372
349 15.0031 0.0334657 5.45195 0.015493
350 15.0022 0.0333832 5.45139 0.015459
351 15.0022 0.033288 5.45101 0.0154195
352 15.0006 0.033232 5.45254 0.0154518
353 14.9984 0.0332097 5.45361 0.015445
354 14.9983 0.033116 5.45539 0.0155044
355 14.9967 0.0330583 5.45602 0.0154735
356 14.997 0.0329666 5.45654 0.0154386
357 14.998 0.0328902 5.45564 0.0154217
358 14.9992 0.0328182 5.45657 0.0154068
359 14.9994 0.0327272 5.45791 0.0154221
360 15.0001 0.0326447 5.45801 0.0153795
361 14.9982 0.0326098 5.45818 0.0153378
362 14.9976 0.0325258 5.45927 0.0153346
363 14.9984 0.0324456 5.45959 0.0152955
364 14.9977 0.0323642 5.45971 0.0152539
365 14.9969 0.0322855 5.45965 0.0152122
366 14.9941 0.0323145 5.4602 0.0151807
367 14.9934 0.0322341 5.45851 0.0152332
368 14.9941 0.0321535 5.45916 0.0152055
369 14.9955 0.0320976 5.45891 0.0151664
370 14.9966 0.0320296 5.45863 0.0151279
371 14.9961 0.031947 5.45884 0.0150886
372 14.9982 0.0319286 5.459 0.0150488
373 15.0008 0.0319515 5.45778 0.0150574
374 15.0008 0.031866 5.45778 0.0150171
375 15.0003 0.031784 5.45778 0.014977
376 15.0015 0.0317218 5.45768 0.0149375
377 15.0057 0.0319161 5.45659 0.014938
378 15.0043 0.0318635 5.45741 0.014921
379 15.0042 0.0317795 5.45959 0.0150413
380 15.0029 0.031724 5.45866 0.0150306
381 15.0032 0.0316427 5.45902 0.0149953
382 15.0019 0.0315882 5.45892 0.0149563
383 15.0041 0.0315837 5.45942 0.0149255
384 15.0051 0.0315182 5.46022 0.0149084
385 15.0047 0.0314391 5.45991 0.014873
386 15.0012 0.0315488 5.46102 0.0148758
387 15.0008 0.0314707 5.46119 0.0148383
388 14.9996 0.0314091 5.46133 0.0148007
389 14.9987 0.0313433 5.46123 0.0147629
390 14.998 0.0312691 5.46066 0.0147361
391 14.9976 0.0311918 5.46115 0.0147068
392 14.9971 0.0311176 5.46266 0.0147463
393 14.9947 0.0311303 5.46342 0.0147285
394 14.9935 0.0310719 5.464 0.0147025
395 14.9953 0.0310441 5.46324 0.0146848
396 14.9938 0.0310044 5.46419 0.0146779
397 14.9924 0.0309539 5.46574 0.0147227
398 14.9925 0.030876 5.46702 0.0147415
399 14.9913 0.0308195 5.46679 0.0147063
400 14.9895 0.0307945 5.46805 0.0147233
401 14.9896 0.0307176 5.46812 0.0146868
402 14.9897 0.0306414 5.46817 0.0146502
403 14.991 0.0305921 5.46725 0.0146424
404 14.9909 0.0305163 5.46799 0.0146251
405 14.9892 0.0304885 5.46875 0.0146086
406 14.9871 0.0304892 5.47005 0.0146303
407 14.984 0.0305695 5.47048 0.0146006
408 14.986 0.0305617 5.46999 0.0145732
409 14.9882 0.0305683 5.4695 0.0145457
410 14.9865 0.0305417 5.46901 0.0145184
411 14.9873 0.030476 5.46884 0.0144841
412 14.9914 0.0306879 5.46795 0.0144761
413 14.9878 0.0308296 5.46857 0.0144541
414 14.9868 0.0307698 5.46746 0.0144614
415 14.9887 0.0307498 5.46625 0.0144772
416 14.9905 0.0307312 5.46622 0.0144424
417 14.9889 0.0306976 5.46546 0.0144276
418 14.9884 0.0306294 5.4661 0.0144072
419 14.9877 0.030564 5.46537 0.0143911
420 14.9859 0.0305444 5.46631 0.0143875
421 14.9852 0.0304782 5.46677 0.0143607
422 14.9866 0.0304361 5.46553 0.0143802
423 14.9852 0.030395 5.46526 0.0143487
424 14.9866 0.0303535 5.46469 0.0143262
425 14.9858 0.0302929 5.46413 0.0143034
426 14.9858 0.0302217 5.46425 0.0142703
427 14.9878 0.0302198 5.46424 0.0142368
428 14.9872 0.030156 5.46318 0.0142429
429 14.9857 0.0301214 5.46393 0.0142295
430 14.9857 0.0300513 5.4642 0.0141989
431 14.9847 0.0299989 5.46454 0.01417
432 14.987 0.030023 5.4641 0.0141438
433 14.9873 0.0299551 5.46424 0.0141118
434 14.9882 0.0298982 5.46366 0.0140915
435 14.9883 0.0298296 5.46308 0.0140707
436 14.9902 0.0298185 5.46236 0.0140572
437 14.9917 0.0297901 5.46279 0.0140317
438 14.9908 0.0297351 5.46359 0.0140227
439 14.9914 0.0296739 5.46317 0.013997
440 14.9929 0.0296422 5.46287 0.0139684
441 14.995 0.0296501 5.46174 0.0139829
442 14.9967 0.0296314 5.46122 0.0139607
443 14.9993 0.029681 5.4599 0.0139921
444 14.9999 0.0296191 5.46096 0.0140008
445 14.9997 0.0295528 5.4603 0.0139847
446 14.9983 0.0295217 5.46137 0.0139939
447 14.9982 0.0294556 5.46088 0.0139712
448 14.9962 0.0294579 5.46176 0.013968
449 14.9979 0.029438 5.46058 0.0139867
450 14.996 0.0294294 5.46021 0.0139605
451 14.9953 0.0293728 5.46065 0.0139363
452 14.9944 0.0293228 5.46173 0.0139473
453 14.9939 0.0292624 5.46268 0.0139492
454 14.9933 0.0292031 5.46244 0.0139205
455 14.9951 0.0291927 5.46305 0.0139034
456 14.9954 0.0291304 5.46364 0.0138857
457 14.9938 0.0291137 5.46321 0.0138621
458 14.9929 0.0290632 5.46414 0.0138631
459 14.995 0.0290795 5.46199 0.013998
460 14.9961 0.0290353 5.46308 0.0140095
461 14.994 0.0290468 5.46427 0.0140303
462 14.9947 0.0289928 5.46388 0.0140053
463 14.9926 0.0290065 5.46418 0.0139782
464 14.9905 0.0290224 5.4646 0.0139544
465 14.9911 0.0289666 5.46438 0.0139263
466 14.9916 0.0289087 5.46373 0.0139113
467 14.9941 0.0289504 5.46382 0.0138818
468 14.9951 0.0289078 5.46261 0.0139045
469 14.9951 0.0288461 5.46159 0.0139123
470 14.9952 0.0287852 5.46186 0.0138853
471 14.9947 0.0287293 5.46211 0.013858
472 14.9944 0.0286698 5.46229 0.0138298
473 14.9953 0.0286227 5.46208 0.0138021
474 14.9968 0.0286022 5.4619 0.0137741
475 14.9963 0.0285459 5.46105 0.0137716
476 14.9961 0.0284866 5.46066 0.0137481
477 14.9947 0.0284641 5.46145 0.0137419
478 14.9972 0.0285138 5.46053 0.0137437
479 14.9981 0.0284686 5.46022 0.0137185
480 14.9966 0.0284482 5.46021 0.0136899
481 14.9967 0.0283893 5.45988 0.0136653
482 14.9983 0.0283726 5.45961 0.0136396
483 14.9973 0.028329 5.45901 0.0136249
484 14.9979 0.0282756 5.4585 0.0136061
485 14.9979 0.0282173 5.45848 0.0135781
486 14.9972 0.0281667 5.45869 0.0135517
487 14.9976 0.0281117 5.45834 0.0135285
488 14.9974 0.028055 5.45902 0.0135183
489 14.9957 0.0280469 5.45938 0.0134954
490 14.996 0.0279914 5.45885 0.0134782
491 14.9956 0.0279376 5.45898 0.0134513
492 14.9953 0.0278825 5.45828 0.013442
493 14.9954 0.027826 5.45778 0.013424
494 14.9952 0.0277701 5.45784 0.0133969
495 14.9931 0.027796 5.45741 0.0133768
496 14.9939 0.0277514 5.45638 0.0133894
497 14.9943 0.027699 5.45692 0.0133735
498 14.9931 0.0276684 5.4572 0.0133496
499 14.9908 0.0277115 5.45848 0.0133835
500 14.9906 0.0276569 5.45842 0.0133569
501 14.9898 0.0276119 5.45837 0.0133302
502 14.9885 0.0275876 5.45792 0.0133112
503 14.9883 0.0275335 5.45773 0.0132861
504 14.9892 0.0274925 5.45753 0.0132612
505 14.9895 0.02744 5.45809 0.0132466
506 14.9875 0.0274584 5.45829 0.0132219
507 14.9865 0.0274237 5.45808 0.0131974
508 14.9873 0.0273814 5.457 0.0132154
509 14.9874 0.0273276 5.45765 0.0132053
510 14.9874 0.027274 5.45762 0.0131795
511 14.9875 0.0272209 5.45855 0.0131861
512 14.9888 0.0271957 5.45819 0.0131652
513 14.9883 0.0271458 5.45774 0.0131472
514 14.9901 0.0271508 5.45716 0.0131346
515 14.9902 0.0270982 5.4567 0.013117
516 14.9911 0.0270587 5.45621 0.0131006
517 14.9892 0.0270724 5.45635 0.013076
518 14.9894 0.0270213 5.45638 0.0130508
519 14.9874 0.0270491 5.45661 0.0130278
520 14.9879 0.0270035 5.45707 0.0130107
521 14.9889 0.0269693 5.45744 0.0129909
522 14.9891 0.0269181 5.45759 0.0129668
523 14.9899 0.0268799 5.45713 0.0129499
524 14.9933 0.0270418 5.45615 0.012963
525 14.9933 0.0269902 5.45573 0.0129449
526 14.9907 0.027062 5.45656 0.0129468
527 14.9888 0.0270773 5.45735 0.0129466
528 14.9873 0.027068 5.45722 0.0129227
529 14.9888 0.0270607 5.45696 0.0129009
530 14.989 0.0270102 5.45714 0.0128777
531 14.9877 0.0269931 5.45772 0.0128668
532 14.9898 0.0270258 5.45753 0.012844
533 14.9902 0.0269778 5.45785 0.012824
534 14.9909 0.0269366 5.4573 0.012812
535 14.99 0.0269028 5.4575 0.0127896
536 14.9904 0.0268563 5.4576 0.0127661
537 14.9899 0.0268111 5.45743 0.0127433
538 14.9897 0.0267623 5.45672 0.0127395
539 14.9901 0.0267158 5.45574 0.0127535
540 14.9895 0.0266724 5.45562 0.0127304
541 14.9888 0.026633 5.45517 0.0127149
542 14.9874 0.0266218 5.45613 0.0127274
543 14.9862 0.0265989 5.45657 0.0127118
544 14.9852 0.0265676 5.45617 0.0126947
545 14.9869 0.0265707 5.45584 0.0126756
546 14.9846 0.026623 5.45617 0.0126565
547 14.9835 0.026597 5.45681 0.0126495
548 14.9844 0.0265645 5.45649 0.0126304
549 14.9839 0.0265211 5.45688 0.0126134
550 14.9832 0.0264824 5.45732 0.0125981
551 14.9836 0.0264388 5.45734 0.0125753
552 14.982 0.026441 5.45736 0.0125525
553 14.9833 0.0264251 5.45644 0.0125635
554 14.9853 0.0264537 5.45625 0.0125422
555 14.9853 0.026406 5.45626 0.0125196
556 14.9845 0.0263722 5.45664 0.0125028
557 14.9845 0.0263248 5.45748 0.0125088
558 14.9841 0.0262801 5.45674 0.0125083
559 14.983 0.0262572 5.45738 0.0125022
560 14.9835 0.0262149 5.45743 0.0124799
561 14.9832 0.0261691 5.45843 0.0124973
562 14.984 0.0261341 5.45766 0.0124989
563 14.9853 0.0261191 5.45783 0.0124778
564 14.986 0.0260814 5.45766 0.0124568
565 14.986 0.0260352 5.45734 0.0124389
566 14.9874 0.0260259 5.45674 0.0124315
567 14.9872 0.0259804 5.45655 0.012411
568 14.9873 0.0259346 5.4562 0.012394
569 14.9849 0.0260015 5.4566 0.0123784
570 14.9846 0.0259572 5.45748 0.0123882
571 14.9837 0.0259267 5.45706 0.0123736
572 14.9833 0.0258841 5.45692 0.0123527
573 14.9839 0.0258447 5.45693 0.0123312
574 14.9857 0.0258644 5.4563 0.0123257
575 14.9878 0.0259075 5.4567 0.0123106
576 14.9866 0.0258903 5.45704 0.012294
577 14.9881 0.0258861 5.45649 0.0122851
578 14.9876 0.0258458 5.45723 0.0122866
579 14.9864 0.025828 5.45805 0.0122925
580 14.9869 0.025788 5.45792 0.012272
581 14.9869 0.0257436 5.45681 0.0123009
582 14.9873 0.0257014 5.45647 0.0122844
583 14.9872 0.0256574 5.45658 0.0122639
584 14.9881 0.0256295 5.4569 0.0122468
585 14.9879 0.0255864 5.45707 0.0122271
586 14.987 0.0255587 5.45729 0.0122082
587 14.9869 0.0255153 5.4564 0.0122196
588 14.9893 0.0255858 5.45573 0.0122173
589 14.9914 0.0256277 5.45572 0.0121965
590 14.9928 0.0256228 5.45493 0.0122015
591 14.9932 0.0255823 5.45458 0.0121858
592 14.994 0.0255512 5.455 0.0121725
593 14.994 0.0255081 5.4555 0.0121624
594 14.9947 0.0254747 5.45534 0.012143
595 14.9926 0.0255217 5.45597 0.0121391
596 14.9923 0.0254801 5.4552 0.0121435
597 14.993 0.0254459 5.45482 0.0121291
598 14.9927 0.0254046 5.45473 0.0121091
599 14.9933 0.0253695 5.45452 0.0120908
600 14.9929 0.0253303 5.45425 0.0120735
601 14.9913 0.0253403 5.4547 0.0120616
602 14.9903 0.0253164 5.45542 0.012063
603 14.9911 0.0252866 5.45431 0.0120936
604 14.9907 0.0252478 5.45417 0.0120745
605 14.9905 0.0252074 5.45348 0.0120739
606 14.9907 0.0251668 5.45306 0.0120613
607 14.9896 0.0251488 5.45283 0.0120437
608 14.9896 0.0251074 5.45322 0.0120304
609 14.9898 0.0250668 5.45301 0.0120124
610 14.9897 0.0250262 5.45243 0.0120069
611 14.9896 0.0249852 5.45164 0.0120131
612 14.9889 0.0249544 5.45118 0.0120024
613 14.988 0.0249312 5.451 0.0119841
614 14.9879 0.0248908 5.4507 0.0119684
615 14.9881 0.0248521 5.45103 0.0119536
616 14.9866 0.0248602 5.45165 0.0119505
617 14.9877 0.0248444 5.45129 0.0119367
618 14.9884 0.0248135 5.45079 0.0119279
619 14.9884 0.0247734 5.45052 0.0119116
620 14.989 0.0247406 5.4503 0.0118944
621 14.9882 0.0247138 5.45093 0.0118916
622 14.9874 0.0246851 5.45101 0.0118727
623 14.9881 0.0246543 5.45033 0.0118728
624 14.9883 0.0246157 5.45027 0.0118539
625 14.9877 0.0245829 5.45015 0.0118355
626 14.987 0.0245543 5.44989 0.0118195
627 14.9882 0.0245419 5.44994 0.0118007
628 14.9888 0.024512 5.45034 0.0117886
629 14.9918 0.0246491 5.44897 0.0118499
630 14.9918 0.02461 5.44941 0.0118395
631 14.9916 0.0245717 5.45029 0.0118532
632 14.9906 0.0245548 5.45072 0.0118423
633 14.9906 0.024516 5.44985 0.0118553
634 14.9888 0.024541 5.45022 0.0118423
635 14.9887 0.0245025 5.45022 0.0118237
636 14.9896 0.0244804 5.44992 0.0118089
637 14.9889 0.0244515 5.45001 0.0117907
638 14.9891 0.0244143 5.45014 0.011773
639 14.9886 0.0243832 5.44967 0.011764
640 14.988 0.024351 5.44916 0.0117567
641 14.9892 0.0243419 5.44871 0.0117472
642 14.9891 0.0243043 5.44874 0.0117289
643 14.9887 0.0242688 5.44843 0.0117146
644 14.9878 0.0242514 5.44807 0.0117022
645 14.9884 0.0242226 5.44809 0.011684
646 14.987 0.0242238 5.44918 0.0117163
647 14.9865 0.0241916 5.44945 0.0117013
648 14.9866 0.0241543 5.4499 0.0116921
649 14.9866 0.024117 5.45014 0.0116766
650 14.986 0.0240873 5.45043 0.011662
651 14.9868 0.0240664 5.45054 0.0116446
652 14.9884 0.0240788 5.45045 0.0116271
653 14.9883 0.0240419 5.45074 0.0116128
654 14.9892 0.0240214 5.45068 0.0115952
655 14.9892 0.0239847 5.4505 0.0115787
656 14.9897 0.0239526 5.45076 0.0115639
657 14.9908 0.0239394 5.45092 0.0115474
658 14.9913 0.0239098 5.45071 0.0115318
659 14.9914 0.0238736 5.45161 0.0115496
660 14.9921 0.0238471 5.45155 0.0115322
661 14.9932 0.0238382 5.45109 0.011524
662 14.994 0.0238158 5.45139 0.0115105
663 14.9925 0.0238304 5.45164 0.0114958
664 14.9923 0.023795 5.45132 0.0114829
665 14.9928 0.0237645 5.45074 0.0114804
666 14.9897 0.0239372 5.4512 0.0114725
667 14.9907 0.0239229 5.45153 0.0114602
668 14.991 0.0238892 5.45133 0.0114447
669 14.9922 0.0238829 5.45086 0.0114373
670 14.9931 0.0238654 5.45075 0.0114208
671 14.9929 0.023831 5.45036 0.0114104
672 14.9938 0.0238121 5.45041 0.0113935
673 14.9933 0.023782 5.4505 0.0113769
674 14.9944 0.0237746 5.45051 0.01136
675 14.9953 0.0237549 5.45085 0.0113485
676 14.9949 0.0237229 5.45058 0.011335
677 14.9961 0.0237198 5.45014 0.0113268
678 14.996 0.0236851 5.45049 0.0113154
679 14.9944 0.0237066 5.45097 0.0113091
680 14.9938 0.0236786 5.45114 0.0112937
681 14.9936 0.0236444 5.45099 0.0112781
682 14.9931 0.0236169 5.45114 0.0112626
683 14.9928 0.023584 5.4512 0.0112462
684 14.9924 0.023553 5.45098 0.011232
685 14.9951 0.0236772 5.45045 0.0112281
686 14.9948 0.0236451 5.45072 0.0112151
687 14.9952 0.0236146 5.45064 0.011199
688 14.9968 0.0236332 5.45026 0.0111894
689 14.9983 0.023648 5.44976 0.0111841
690 14.9987 0.0236177 5.44947 0.0111716
691 15.0003 0.0236342 5.44932 0.0111566
692 14.9997 0.0236075 5.44918 0.0111413
693 15.0002 0.0235783 5.44871 0.0111351
694 14.9997 0.023549 5.44879 0.0111194
695 14.9998 0.0235152 5.44962 0.0111339
696 14.9988 0.0235011 5.44943 0.0111195
697 14.9978 0.0234903 5.44974 0.0111077
698 14.9982 0.0234598 5.44907 0.0111115
699 14.9994 0.0234613 5.4482 0.0111301
700 14.9997 0.0234288 5.44834 0.0111151
701 14.999 0.0234046 5.44859 0.0111019
702 14.9997 0.0233801 5.44837 0.0110883
703 14.9989 0.0233598 5.44885 0.0110832
704 14.9992 0.0233282 5.44918 0.0110723
705 15.0003 0.023325 5.44915 0.0110566
706 14.9999 0.0232954 5.44984 0.0110621
707 14.9994 0.0232683 5.45001 0.0110479
708 14.9982 0.0232673 5.4501 0.0110326
709 14.9986 0.0232386 5.44948 0.0110343
710 14.9989 0.0232074 5.44951 0.0110188
711 14.9986 0.0231774 5.44899 0.0110157
712 14.9998 0.0231807 5.44825 0.0110253
713 14.9979 0.0232296 5.44793 0.0110143
714 14.9986 0.0232063 5.44777 0.011
715 15.0005 0.0232556 5.4467 0.011037
716 14.9999 0.0232307 5.44639 0.011026
717 15 0.0231983 5.44699 0.0110271
718 15.001 0.0231868 5.44683 0.0110129
719 15.0013 0.0231567 5.4469 0.0109978
720 15.0011 0.0231254 5.4475 0.010999
721 15.0021 0.0231142 5.44731 0.0109854
722 15.0009 0.0231115 5.44742 0.0109708
723 14.9991 0.0231495 5.44695 0.010966
724 14.999 0.0231179 5.44684 0.0109513
725 14.9985 0.023091 5.44671 0.010937
726 15 0.0231063 5.44604 0.0109424
727 14.9993 0.0230841 5.44566 0.0109339
728 14.9996 0.0230544 5.44497 0.010941
729 14.9985 0.0230469 5.44488 0.0109263
730 14.9984 0.023016 5.44456 0.0109161
731 14.9965 0.0230574 5.44523 0.0109217
732 14.9957 0.0230409 5.44505 0.0109083
733 14.9957 0.0230094 5.44494 0.010894
734 14.9952 0.0229827 5.44473 0.0108811
735 14.9935 0.0230153 5.44568 0.0109075
736 14.9943 0.0229989 5.44573 0.0108928
737 14.995 0.0229772 5.44539 0.0108833
738 14.9959 0.0229646 5.44542 0.0108686
739 14.9946 0.0229702 5.44571 0.0108577
740 14.9943 0.0229412 5.4459 0.0108447
741 14.9942 0.0229106 5.44614 0.0108328
742 14.9942 0.0228797 5.44585 0.0108223
743 14.9935 0.0228599 5.44633 0.0108183
744 14.9934 0.0228293 5.44628 0.0108039
745 14.9929 0.0228045 5.44658 0.0107937
746 14.9932 0.0227772 5.44666 0.0107794
747 14.9929 0.022749 5.44712 0.0107752
748 14.9927 0.0227197 5.4469 0.0107631
749 14.9915 0.0227217 5.44629 0.0107661
750 14.9909 0.0226995 5.44647 0.0107534
751 14.991 0.0226698 5.44681 0.0107445
752 14.9911 0.0226398 5.4468 0.0107302
753 14.9902 0.0226285 5.4467 0.0107164
754 14.9901 0.0225989 5.4472 0.0107137
755 14.9914 0.0226061 5.44709 0.0107
756 14.9913 0.0225762 5.44684 0.0106888
757 14.9911 0.0225476 5.44738 0.0106882
758 14.9906 0.0225233 5.4473 0.0106744
759 14.9908 0.022494 5.44674 0.010675
760 14.9906 0.0224652 5.4459 0.0106938
761 14.9899 0.0224449 5.44546 0.0106892
762 14.9884 0.0224653 5.44596 0.0106871
763 14.9888 0.0224385 5.44555 0.0106809
764 14.9895 0.0224223 5.4447 0.0107008
765 14.9889 0.0224013 5.44452 0.0106883
766 14.9886 0.0223751 5.44427 0.0106773
767 14.9884 0.0223466 5.44453 0.0106665
768 14.9879 0.0223222 5.44465 0.0106534
769 14.988 0.0222933 5.44464 0.0106395
770 14.9883 0.0222664 5.44412 0.0106385
771 14.9895 0.02227 5.44386 0.0106278
772 14.9893 0.0222424 5.44394 0.0106143
773 14.9881 0.0222456 5.44471 0.0106287
774 14.9883 0.0222185 5.44422 0.0106264
775 14.9894 0.022217 5.44361 0.0106304
776 14.9895 0.0221885 5.44395 0.0106221
777 14.9889 0.0221691 5.44431 0.0106146
778 14.99 0.0221679 5.44392 0.0106082
779 14.9891 0.0221581 5.44392 0.0105946
780 14.9893 0.0221309 5.44408 0.0105823
781 14.989 0.0221044 5.44429 0.0105708
782 14.9897 0.0220857 5.4445 0.0105593
783 14.9894 0.022059 5.44445 0.0105459
784 14.9886 0.0220469 5.44466 0.0105344
785 14.9869 0.0220788 5.44506 0.0105284
786 14.9869 0.0220508 5.44546 0.0105228
787 14.9882 0.0220623 5.4453 0.0105107
788 14.989 0.022048 5.44524 0.0104975
789 14.9899 0.0220384 5.44511 0.010485
790 14.99 0.0220107 5.44491 0.0104736
791 14.9889 0.0220103 5.44498 0.0104606
792 14.989 0.0219832 5.44475 0.0104499
793 14.9891 0.0219555 5.44493 0.0104384
794 14.9893 0.0219289 5.44528 0.0104309
795 14.9878 0.0219544 5.44554 0.0104211
796 14.9884 0.0219365 5.44554 0.010408
797 14.9877 0.0219224 5.44549 0.0103951
798 14.9877 0.0218951 5.44595 0.0103921
799 14.9889 0.0219008 5.44582 0.0103798
800 14.9888 0.0218739 5.44618 0.010373
801 14.989 0.0218476 5.44619 0.01036
802 14.9884 0.0218295 5.44674 0.0103615
803 14.9887 0.0218046 5.44623 0.0103611
804 14.9886 0.0217776 5.44618 0.0103483
805 14.9881 0.0217563 5.44688 0.0103593
806 14.9884 0.0217316 5.44737 0.0103578
807 14.9895 0.0217279 5.44683 0.010359
808 14.9894 0.021701 5.44709 0.0103495
809 14.9891 0.021677 5.44744 0.0103424
810 14.991 0.0217309 5.4471 0.0103351
811 14.9925 0.0217575 5.44669 0.0103307
812 14.9936 0.0217614 5.4465 0.0103197
813 14.995 0.0217746 5.44618 0.0103119
814 14.993 0.0218331 5.44669 0.0103117
815 14.9938 0.0218208 5.44629 0.0103066
816 14.9932 0.0218035 5.44655 0.0102972
817 14.9949 0.021845 5.44611 0.0102938
818 14.9947 0.0218192 5.44626 0.0102824
819 14.9953 0.0217996 5.44601 0.0102729
820 14.9953 0.021773 5.4455 0.0102732
821 14.9942 0.0217718 5.44562 0.0102614
822 14.9943 0.0217456 5.44586 0.0102516
823 14.995 0.0217288 5.44605 0.010241
824 14.9949 0.0217025 5.44575 0.0102331
825 14.9949 0.0216762 5.44595 0.0102227
826 14.996 0.0216806 5.44579 0.0102115
827 14.9955 0.0216604 5.44602 0.0102017
828 14.9961 0.0216432 5.44556 0.0101998
829 14.9957 0.0216215 5.44559 0.0101876
830 14.9958 0.0215958 5.44556 0.0101753
831 14.9953 0.0215769 5.4464 0.0101976
832 14.9946 0.0215612 5.44664 0.0101882
833 14.9946 0.0215353 5.4465 0.0101768
834 14.9939 0.0215194 5.44644 0.0101648
835 14.9937 0.0214943 5.44681 0.0101594
836 14.9942 0.0214743 5.44689 0.0101475
837 14.9943 0.0214487 5.44702 0.0101362
838 14.9932 0.0214491 5.44757 0.0101392
839 14.9944 0.0214547 5.44758 0.0101271
840 14.9937 0.0214414 5.44729 0.010119
841 14.9936 0.0214159 5.44692 0.0101139
842 14.9943 0.0214002 5.44708 0.0101032
843 14.9935 0.0213903 5.44718 0.0100916
844 14.9929 0.0213719 5.44743 0.0100828
845 14.9928 0.0213471 5.44795 0.0100844
846 14.9924 0.0213252 5.44795 0.0100725
847 14.9926 0.0213011 5.44802 0.0100608
848 14.9919 0.0212867 5.44784 0.0100506
849 14.9917 0.0212624 5.44797 0.0100396
850 14.9924 0.0212475 5.44829 0.0100327
851 14.9931 0.0212333 5.44798 0.0100256
852 14.9927 0.0212115 5.44839 0.0100222
853 14.9936 0.0212037 5.4476 0.010042
854 14.9936 0.0211789 5.44755 0.0100303
855 14.9933 0.0211566 5.44736 0.0100204
856 14.9934 0.0211326 5.44734 0.0100087
857 14.9927 0.0211204 5.44736 0.00999706
858 14.9909 0.0211688 5.44758 0.00998784
859 14.9909 0.0211442 5.44753 0.00997635
860 14.9916 0.0211303 5.44771 0.00996641
861 14.9922 0.021114 5.44767 0.00995492
862 14.9919 0.0210922 5.44727 0.00995153
863 14.9912 0.0210776 5.44747 0.00994206
864 14.9915 0.0210556 5.44804 0.00994706
865 14.9916 0.0210315 5.44817 0.00993644
866 14.993 0.0210501 5.44766 0.00993802
867 14.9943 0.0210647 5.44733 0.00993206
868 14.9932 0.0210692 5.4475 0.00992204
869 14.9936 0.0210489 5.44716 0.00991667
870 14.9925 0.0210497 5.44773 0.00992169
871 14.9928 0.021027 5.44733 0.00991809
872 14.9936 0.02102 5.44738 0.00990682
873 14.9942 0.0210038 5.44764 0.00989877
874 14.9949 0.0209914 5.44751 0.00988824
875 14.9946 0.0209696 5.44797 0.00988765
876 14.9938 0.0209602 5.44858 0.00989483
877 14.9928 0.0209608 5.44877 0.00988555
878 14.9923 0.0209429 5.44826 0.00988773
879 14.9915 0.0209363 5.44875 0.00988845
880 14.9925 0.0209404 5.44836 0.00988484
881 14.9924 0.020917 5.44793 0.0098829
882 14.9919 0.0209011 5.44814 0.00987394
883 14.9927 0.0208939 5.44793 0.00986492
884 14.9925 0.0208712 5.44807 0.0098547
885 14.9928 0.02085 5.44812 0.00984369
886 14.993 0.020827 5.44817 0.0098327
887 14.993 0.0208036 5.44886 0.00984565
888 14.9926 0.0207834 5.44882 0.00983463
889 14.9919 0.0207734 5.44861 0.00982586
890 14.9907 0.0207836 5.44866 0.00981496
891 14.9902 0.0207664 5.44904 0.00981135
892 14.9898 0.0207476 5.4486 0.00981032
893 14.9899 0.0207246 5.44809 0.00981235
894 14.9912 0.0207438 5.44804 0.0098015
895 14.9912 0.0207206 5.44819 0.00979157
896 14.9923 0.020725 5.4479 0.00978484
897 14.9919 0.020705 5.44773 0.00977547
898 14.9904 0.0207365 5.44793 0.00976665
899 14.9908 0.0207172 5.44736 0.00977217
900 14.9917 0.0207135 5.44726 0.00976186
901 14.9922 0.0206959 5.4468 0.0097617
902 14.9932 0.0206982 5.44656 0.00975372
903 14.9934 0.0206761 5.44705 0.00975492
904 14.9953 0.0207395 5.4461 0.00979002
905 14.9944 0.0207335 5.44647 0.00978607
906 14.9955 0.0207395 5.44604 0.00978445
907 14.9951 0.020721 5.44558 0.00978468
908 14.9954 0.0207006 5.44515 0.00978348
909 14.9955 0.0206778 5.44479 0.00977905
910 14.9949 0.0206638 5.44509 0.0097727
911 14.9945 0.0206448 5.44481 0.00976595
912 14.9941 0.0206261 5.44495 0.00975629
913 14.9944 0.0206061 5.445 0.0097457
914 14.9954 0.0206104 5.44478 0.00973758
915 14.9962 0.0206011 5.44511 0.00973264
916 14.9973 0.0206069 5.44499 0.0097228
917 14.9971 0.0205853 5.4454 0.00972094
918 14.996 0.0205926 5.44549 0.00971077
919 14.9953 0.0205822 5.44568 0.00970215
920 14.9962 0.0205822 5.4454 0.00969582
921 14.997 0.0205753 5.44509 0.0096901
922 14.9973 0.0205551 5.44554 0.00968991
923 14.9957 0.0205957 5.44554 0.00967941
924 14.9953 0.0205768 5.44595 0.00967747
925 14.9949 0.0205599 5.44627 0.0096724
926 14.995 0.0205384 5.44641 0.00966294
927 14.9947 0.0205188 5.44675 0.00965857
928 14.9943 0.0205005 5.44688 0.00964906
929 14.994 0.0204802 5.44689 0.00963867
930 14.9939 0.0204585 5.44736 0.00963997
931 14.9945 0.0204458 5.44714 0.00963221
932 14.9937 0.0204394 5.44673 0.00963047
933 14.9939 0.020418 5.44662 0.00962082
934 14.9951 0.0204293 5.44661 0.00961052
935 14.9944 0.0204175 5.4464 0.00960248
936 14.9936 0.0204135 5.44671 0.00959702
937 14.9933 0.020393 5.44667 0.00958685
938 14.9929 0.020377 5.44752 0.00961453
939 14.9925 0.020359 5.44747 0.00960441
940 14.9932 0.0203524 5.44675 0.00962146
941 14.9921 0.020365 5.44733 0.00962869
942 14.9925 0.0203473 5.44749 0.00961994
943 14.9922 0.0203271 5.44755 0.00960991
944 14.9922 0.0203057 5.44776 0.00960194
945 14.9929 0.0202992 5.4478 0.00959187
946 14.992 0.0202976 5.44797 0.0095832
947 14.9926 0.0202827 5.44815 0.00957481
948 14.9922 0.020264 5.4483 0.0095659
949 14.9929 0.0202538 5.44849 0.00955766
950 14.9933 0.0202357 5.44899 0.00956038
951 14.9928 0.0202192 5.44858 0.00955884
952 14.9923 0.0202034 5.44869 0.00954941
953 14.9915 0.0202015 5.4489 0.00954174
954 14.9911 0.0201839 5.44887 0.0095318
955 14.9918 0.0201748 5.44848 0.00952962
956 14.9902 0.0202152 5.44862 0.00952057
957 14.9906 0.0201984 5.44832 0.00951515
958 14.9902 0.0201825 5.4487 0.00951261
959 14.991 0.0201799 5.44843 0.00950642
960 14.9903 0.0201724 5.44884 0.00950537
961 14.9904 0.0201517 5.44902 0.00949705
962 14.9909 0.0201362 5.44918 0.00948854
963 14.9908 0.0201156 5.44929 0.00947932
964 14.9917 0.0201173 5.4488 0.00948189
965 14.9922 0.020103 5.44881 0.00947206
966 14.9922 0.0200823 5.44856 0.00946548
967 14.9925 0.0200642 5.44854 0.00945572
968 14.9927 0.0200442 5.44857 0.009446
969 14.9937 0.0200498 5.44907 0.00944976
970 14.9931 0.0200381 5.44911 0.00944008
971 14.9932 0.0200176 5.44884 0.00943407
972 14.9939 0.0200126 5.44846 0.00943224
973 14.9936 0.0199949 5.44881 0.0094293
974 14.9946 0.0200011 5.44843 0.00942727
975 14.9942 0.0199852 5.44837 0.00941781
976 14.9945 0.0199667 5.44771 0.0094316
977 14.9933 0.0199834 5.44783 0.00942273
978 14.9926 0.0199727 5.44834 0.00942687
979 14.992 0.0199643 5.44849 0.00941841
980 14.9929 0.0199684 5.44858 0.00940921
981 14.9917 0.0199856 5.44906 0.0094122
982 14.9908 0.0199848 5.4491 0.00940267
983 14.991 0.019965 5.44858 0.00940723
984 14.9905 0.0199502 5.44893 0.00940402
985 14.9905 0.0199299 5.44893 0.00939447
986 14.9904 0.0199102 5.4492 0.00938863
987 14.9898 0.019899 5.44954 0.00938548
988 14.9896 0.0198796 5.44975 0.00937824
989 14.9899 0.0198623 5.44962 0.00936959
990 14.9894 0.0198501 5.44956 0.00936034
991 14.9882 0.0198665 5.45025 0.00937629
992 14.9875 0.019859 5.45067 0.00937607
993 14.9873 0.0198397 5.45079 0.00936746
994 14.9873 0.0198197 5.45079 0.00935803
995 14.9862 0.0198297 5.45068 0.00934926
996 14.9854 0.0198252 5.45085 0.0093415
997 14.9845 0.0198277 5.45082 0.00933218
998 14.9844 0.0198082 5.45097 0.0093241
999 14.9846 0.0197901 5.45091 0.00931499
1000 14.9852 0.0197779 5.45104 0.00930668
