# European option pricing by Monte Carlo discretized simulation of the underlying path
# Total number of throws (option price simulations): M = 1000000
# Number of blocks: N = 1000
# Throws per block: L = 1000
# Initial time: t0 = 0
# Final time (expiry date): T = 1
# Number of time steps: N_steps = 100
# Time step size: T_step = 0.01
# Initial spot price of the underlying: S0 = 100
# Strike price: K = 100
# Risk-free interest rate: r = 0.1
# Market volatility: sigma = 0.25
# Discount factor: exp(-rT) = 0.904837
# Columns:
# 1) block index
# 2) progressive mean of the call option price
# 3) progressive statistical uncertainty
# 4) progressive mean of the put option price
# 5) progressive statistical uncertainty
1 14.5041 0 5.34984 0
2 14.5982 0.094136 5.44309 0.0932514
3 14.686 0.103237 5.53827 0.109358
4 14.5498 0.154555 5.52181 0.0790618
5 14.6678 0.168096 5.43772 0.104027
6 14.8881 0.259594 5.4105 0.0891906
7 15.1858 0.369768 5.35945 0.0910432
8 15.186 0.320229 5.39079 0.0848473
9 15.0673 0.306341 5.41276 0.0779873
10 15.013 0.279314 5.42841 0.0714866
11 15.0912 0.264463 5.40057 0.0703994
12 15.0796 0.2417 5.43911 0.074935
13 15.1031 0.22357 5.41669 0.0724835
14 15.0453 0.214896 5.42431 0.0675376
15 15.1037 0.208401 5.38917 0.0720269
16 15.0358 0.206422 5.40593 0.0694282
17 14.9728 0.203866 5.42454 0.0678206
18 15.0336 0.201592 5.41297 0.0649797
19 15.0882 0.198335 5.39704 0.0634966
20 15.0392 0.194428 5.42256 0.0654198
21 15.0262 0.185394 5.41131 0.0632344
22 15.0502 0.178387 5.4093 0.0603253
23 15.0759 0.172386 5.40489 0.0578107
24 15.0733 0.165068 5.41835 0.0569622
25 15.0399 0.161825 5.40893 0.0554428
26 15.025 0.156185 5.41444 0.053552
27 15.0081 0.151234 5.41025 0.0517005
28 14.9967 0.146183 5.41665 0.050229
29 14.9993 0.141077 5.42621 0.0494011
30 14.9494 0.145138 5.44739 0.0522146
31 14.9829 0.144312 5.42992 0.053439
32 14.9436 0.145159 5.44212 0.053161
33 14.9437 0.140691 5.43688 0.0517913
34 14.9274 0.137461 5.43864 0.0502759
35 14.9044 0.135439 5.45016 0.0501581
36 14.9261 0.133398 5.45124 0.0487569
37 14.924 0.129759 5.45031 0.0474298
38 14.9169 0.126497 5.4544 0.0463456
39 14.9297 0.123873 5.44815 0.045573
40 14.9548 0.123326 5.4427 0.0447523
41 14.9583 0.12033 5.44374 0.0436595
42 14.9585 0.117431 5.44 0.042771
43 14.9399 0.11616 5.43716 0.0418607
44 14.9129 0.116654 5.43702 0.0408986
45 14.9215 0.114351 5.44008 0.0400969
46 14.9288 0.112076 5.43654 0.0393753
47 14.9331 0.109751 5.44123 0.0388127
48 14.9291 0.107513 5.44 0.0380156
49 14.9278 0.105305 5.441 0.0372453
50 14.9082 0.105018 5.4489 0.0373363
51 14.9103 0.102959 5.44444 0.0368668
52 14.9054 0.101079 5.43975 0.0364541
53 14.8976 0.0994582 5.44809 0.0367181
54 14.9129 0.0987928 5.437 0.0376987
55 14.9066 0.0971834 5.4437 0.0376087
56 14.9126 0.095622 5.44012 0.0371043
57 14.9081 0.0940378 5.44384 0.0366366
58 14.9004 0.0927213 5.44619 0.0360761
59 14.9019 0.0911477 5.44555 0.0354651
60 14.9049 0.0896655 5.44114 0.0351474
61 14.9087 0.0882666 5.43346 0.0354082
62 14.9099 0.0868391 5.43095 0.0349225
63 14.9297 0.087712 5.43552 0.0346659
64 14.9327 0.0863843 5.43764 0.0341855
65 14.9222 0.0856885 5.44658 0.0348227
66 14.9327 0.085024 5.44372 0.0344099
67 14.9588 0.0877208 5.44355 0.0338929
68 14.9586 0.0864213 5.44553 0.0334493
69 14.9561 0.0851958 5.44946 0.0331946
70 14.941 0.0853157 5.45415 0.0330515
71 14.9423 0.0841157 5.46108 0.033311
72 14.9394 0.0829929 5.46146 0.0328474
73 14.9379 0.0818607 5.45587 0.0328737
74 14.9416 0.0808314 5.45503 0.0324373
75 14.9382 0.0798178 5.45471 0.0320035
76 14.9392 0.0787669 5.44892 0.0321056
77 14.9483 0.0782619 5.44403 0.0320599
78 14.9485 0.0772522 5.44149 0.0317484
79 14.9518 0.0763419 5.44804 0.0320215
80 14.9485 0.0754555 5.44913 0.0316375
81 14.9385 0.0751844 5.45667 0.0321417
82 14.9236 0.0757453 5.46356 0.0324858
83 14.9237 0.0748272 5.45739 0.0326806
84 14.9167 0.0742555 5.4573 0.0322893
85 14.9319 0.0749385 5.45461 0.0320197
86 14.9333 0.0740751 5.45415 0.0316486
87 14.9228 0.0739763 5.459 0.031657
88 14.9255 0.0731805 5.45364 0.031751
89 14.9113 0.0737367 5.4532 0.0313953
90 14.9185 0.0732756 5.4506 0.0311531
91 14.9045 0.0738175 5.45924 0.0319958
92 14.8903 0.0743759 5.46259 0.0318237
93 14.8849 0.0737716 5.46487 0.031562
94 14.8877 0.0730358 5.46465 0.0312253
95 14.893 0.0724604 5.46367 0.0309104
96 14.887 0.0719541 5.46151 0.030663
97 14.8849 0.0712389 5.46114 0.0303475
98 14.8955 0.0713032 5.45944 0.0300842
99 14.9021 0.0708888 5.45885 0.0297846
100 14.895 0.0705363 5.46093 0.0295587
101 14.8912 0.0699409 5.46199 0.0292834
102 14.8939 0.0693043 5.46067 0.0290245
103 14.8929 0.068635 5.45919 0.0287799
104 14.8874 0.0681958 5.45423 0.0289292
105 14.8826 0.0677113 5.45501 0.0286629
106 14.874 0.0676212 5.46152 0.0291277
107 14.8722 0.0670104 5.4575 0.0291321
108 14.879 0.0667392 5.45836 0.0288738
109 14.8873 0.0666415 5.45538 0.0287623
110 14.8892 0.0660592 5.45546 0.0284997
111 14.8906 0.0654776 5.45525 0.0282426
112 14.8891 0.0649092 5.45576 0.027994
113 14.8909 0.0643576 5.45322 0.0278614
114 14.896 0.0640006 5.45503 0.0276753
115 14.893 0.0635166 5.4561 0.0274547
116 14.8873 0.0632166 5.46051 0.0275719
117 14.8973 0.0634549 5.45808 0.0274434
118 14.8988 0.0629325 5.45549 0.0273322
119 14.9009 0.062437 5.4535 0.0271749
120 14.9085 0.0623865 5.45027 0.0271403
121 14.9062 0.0619117 5.45146 0.0269415
122 14.903 0.0614874 5.45153 0.0267198
123 14.9017 0.0609982 5.45458 0.0266762
124 14.9024 0.0605073 5.45364 0.0264767
125 14.9015 0.0600275 5.45792 0.0266103
126 14.9071 0.0598106 5.45993 0.0264744
127 14.9141 0.0597499 5.45923 0.0262744
128 14.9077 0.0596245 5.4644 0.0265769
129 14.907 0.0591648 5.46508 0.0263788
130 14.9123 0.0589501 5.46365 0.0262144
131 14.9205 0.0590688 5.46208 0.0260604
132 14.9256 0.0588412 5.46102 0.0258841
133 14.9282 0.0584537 5.46196 0.0257058
134 14.925 0.0581053 5.46007 0.0255832
135 14.9255 0.0576762 5.46084 0.0254047
136 14.9262 0.0572539 5.45886 0.0252946
137 14.9238 0.0568836 5.45859 0.0251107
138 14.9289 0.0567009 5.45713 0.0249707
139 14.9282 0.0562957 5.45624 0.0248064
140 14.9403 0.0571933 5.45454 0.0246874
141 14.9443 0.0569218 5.45637 0.0245796
142 14.9501 0.0568161 5.45665 0.0244076
143 14.9497 0.0564185 5.45643 0.0242373
144 14.9523 0.0560833 5.45385 0.0242059
145 14.948 0.0558556 5.45257 0.0240725
146 14.9419 0.055806 5.45475 0.0240059
147 14.9416 0.055426 5.45602 0.023876
148 14.9364 0.0552967 5.4571 0.0237386
149 14.9325 0.0550606 5.459 0.0236554
150 14.9288 0.0548187 5.45802 0.0235177
151 14.9291 0.0544554 5.45547 0.0235006
152 14.935 0.0544109 5.4533 0.0234454
153 14.9376 0.0541176 5.45366 0.0232944
154 14.9434 0.0540808 5.45341 0.0231439
155 14.9454 0.0537666 5.45282 0.0230017
156 14.9509 0.0537095 5.45245 0.0228568
157 14.9551 0.0535253 5.4502 0.0228224
158 14.9523 0.0532593 5.45152 0.0227162
159 14.954 0.052951 5.45074 0.0225866
160 14.9514 0.052681 5.45123 0.0224505
161 14.9537 0.0524009 5.45195 0.022322
162 14.947 0.0525039 5.45486 0.022375
163 14.9416 0.0524589 5.45454 0.0222396
164 14.9423 0.0521427 5.45505 0.0221095
165 14.9474 0.0520819 5.45434 0.0219867
166 14.9432 0.0519426 5.45359 0.0218666
167 14.9422 0.0516404 5.45375 0.0217358
168 14.9505 0.0519981 5.45265 0.0216338
169 14.9516 0.0517018 5.45196 0.0215164
170 14.9525 0.0514039 5.45185 0.0213898
171 14.9575 0.0513457 5.449 0.021454
172 14.9608 0.0511562 5.44797 0.0213536
173 14.9645 0.0509947 5.44577 0.0213435
174 14.9586 0.0510462 5.44931 0.0215134
175 14.9563 0.050803 5.44964 0.0213927
176 14.9511 0.0507886 5.45269 0.0214884
177 14.9547 0.0506309 5.45372 0.0213914
178 14.9563 0.0503711 5.4526 0.0213005
179 14.9591 0.0501672 5.454 0.0212275
180 14.9573 0.049921 5.45556 0.0211667
181 14.9588 0.0496691 5.45919 0.0213594
182 14.9594 0.0493981 5.46096 0.0213155
183 14.9548 0.0493362 5.46451 0.0214932
184 14.9537 0.0490801 5.46331 0.0214093
185 14.9526 0.0488262 5.46069 0.0214542
186 14.9459 0.0490289 5.46264 0.0214271
187 14.9467 0.0487731 5.46442 0.0213865
188 14.9468 0.0485131 5.46591 0.0213245
189 14.9496 0.0483382 5.46616 0.0212129
190 14.9496 0.0480832 5.46579 0.0211042
191 14.95 0.0478327 5.46298 0.0211812
192 14.9481 0.0476203 5.46214 0.0210873
193 14.9507 0.0474414 5.46194 0.0209787
194 14.9482 0.0472623 5.46405 0.0209761
195 14.9445 0.0471585 5.46498 0.020889
196 14.9435 0.0469278 5.46479 0.0207831
197 14.9432 0.0466903 5.4634 0.0207235
198 14.9396 0.0465957 5.46206 0.020662
199 14.9446 0.0466293 5.45988 0.0206732
200 14.9459 0.0464149 5.45951 0.0205729
201 14.9475 0.0462123 5.45776 0.020545
202 14.9507 0.0460944 5.46044 0.0206177
203 14.9489 0.0459026 5.46052 0.020516
204 14.9436 0.04599 5.46168 0.0204481
205 14.9437 0.0457653 5.46076 0.0203687
206 14.9458 0.0455908 5.46079 0.0202696
207 14.9419 0.0455382 5.46097 0.0201722
208 14.9457 0.0454831 5.45881 0.0201907
209 14.9451 0.0452691 5.45906 0.0200954
210 14.9484 0.0451676 5.45768 0.0200469
211 14.9526 0.0451493 5.45685 0.0199686
212 14.9473 0.0452426 5.45867 0.0199574
213 14.9455 0.0450669 5.45882 0.019864
214 14.9479 0.0449213 5.45749 0.0198156
215 14.9503 0.0447775 5.45573 0.0198016
216 14.9454 0.0448447 5.45768 0.0198063
217 14.9471 0.0446735 5.45981 0.0198296
218 14.9435 0.0446173 5.46184 0.0198421
219 14.9447 0.0444292 5.46354 0.0198248
220 14.9451 0.0442289 5.46481 0.0197751
221 14.9502 0.0443248 5.46396 0.0197037
222 14.9508 0.0441285 5.46563 0.0196857
223 14.9482 0.0440104 5.46776 0.0197129
224 14.9468 0.0438357 5.47017 0.019771
225 14.947 0.0436409 5.46933 0.0197007
226 14.9476 0.0434521 5.4656 0.0199643
227 14.9449 0.0433461 5.46591 0.0198786
228 14.946 0.0431706 5.46411 0.0198732
229 14.9465 0.0429841 5.46446 0.0197894
230 14.9424 0.0429951 5.46304 0.0197545
231 14.9397 0.0428936 5.46243 0.0196782
232 14.9412 0.0427366 5.46224 0.0195942
233 14.9398 0.0425764 5.46102 0.0195476
234 14.9425 0.0424792 5.46147 0.019469
235 14.9417 0.0423056 5.45973 0.0194642
236 14.9422 0.0421296 5.45859 0.0194148
237 14.9358 0.0424431 5.45975 0.0193672
238 14.9358 0.0422644 5.4595 0.0192871
239 14.9392 0.04223 5.45842 0.019237
240 14.9367 0.0421269 5.45805 0.0191602
241 14.9357 0.041966 5.45684 0.0191188
242 14.9428 0.042395 5.45666 0.0190404
243 14.9426 0.0422208 5.4558 0.0189817
244 14.941 0.0420774 5.45514 0.018915
245 14.9445 0.0420501 5.45328 0.0189296
246 14.9451 0.0418842 5.45165 0.0189231
247 14.9432 0.0417576 5.45166 0.0188463
248 14.9429 0.0415903 5.45029 0.0188197
249 14.9442 0.0414427 5.45135 0.0187735
250 14.9484 0.0414887 5.44949 0.0187899
251 14.9525 0.0415252 5.44819 0.01876
252 14.9496 0.0414584 5.44906 0.0187054
253 14.95 0.041296 5.44754 0.018693
254 14.9569 0.0417144 5.44496 0.0187966
255 14.9547 0.0416089 5.44506 0.018723
256 14.9562 0.0414725 5.44404 0.0186775
257 14.9558 0.0413124 5.44638 0.0187516
258 14.9525 0.0412847 5.44744 0.0187085
259 14.9555 0.0412333 5.449 0.0187019
260 14.9594 0.041259 5.44819 0.0186475
261 14.9588 0.0411056 5.44773 0.0185816
262 14.9558 0.0410577 5.44843 0.0185236
263 14.9588 0.0410167 5.44814 0.0184553
264 14.9602 0.0408842 5.448 0.0183858
265 14.9635 0.0408597 5.44711 0.018338
266 14.9671 0.0408628 5.44756 0.0182747
267 14.9677 0.040714 5.4493 0.0182885
268 14.9665 0.0405774 5.44938 0.0182203
269 14.9637 0.0405229 5.45091 0.0182164
270 14.9678 0.0405736 5.44995 0.0181739
271 14.9661 0.0404563 5.45009 0.0181073
272 14.9668 0.0403121 5.44943 0.0180527
273 14.966 0.0401718 5.45004 0.0179967
274 14.968 0.0400729 5.45158 0.0179969
275 14.972 0.040134 5.45036 0.017973
276 14.9764 0.0402314 5.44894 0.0179634
277 14.9758 0.0400909 5.45015 0.0179389
278 14.9761 0.0399473 5.45003 0.0178747
279 14.9771 0.0398167 5.45137 0.0178613
280 14.9787 0.0397059 5.45144 0.0177975
281 14.9833 0.0398362 5.44981 0.0178093
282 14.9845 0.0397127 5.44928 0.0177537
283 14.9823 0.0396356 5.44966 0.0176948
284 14.9846 0.0395618 5.44971 0.0176325
285 14.9837 0.0394321 5.44968 0.0175705
286 14.9838 0.039294 5.45 0.0175118
287 14.9842 0.0391589 5.44958 0.0174556
288 14.9865 0.0390936 5.45076 0.0174349
289 14.9831 0.0391036 5.45064 0.0173749
290 14.9808 0.0390372 5.45188 0.0173596
291 14.9799 0.0389145 5.4524 0.0173074
292 14.9801 0.0387815 5.45378 0.0173031
293 14.9779 0.0387109 5.45399 0.0172452
294 14.9772 0.0385844 5.45393 0.0171865
295 14.9794 0.038516 5.45296 0.0171556
296 14.9799 0.038389 5.45373 0.0171149
297 14.9803 0.0382609 5.45404 0.0170599
298 14.9793 0.0381453 5.4536 0.0170081
299 14.9771 0.0380819 5.45458 0.0169791
300 14.9763 0.0379631 5.45418 0.0169273
301 14.9746 0.0378713 5.45444 0.0168731
302 14.9721 0.037831 5.45529 0.0168382
303 14.9703 0.0377481 5.45568 0.0167871
304 14.973 0.037716 5.45548 0.016733
305 14.9727 0.037593 5.45587 0.0166827
306 14.97 0.0375657 5.45691 0.0166601
307 14.9686 0.0374697 5.4578 0.0166298
308 14.9695 0.0373579 5.45716 0.016588
309 14.9698 0.037238 5.45751 0.0165378
310 14.9659 0.037318 5.45945 0.0165988
311 14.9665 0.0372034 5.46066 0.0165891
312 14.9674 0.0370935 5.46047 0.0165369
313 14.9672 0.0369753 5.46194 0.0165494
314 14.9691 0.036909 5.4616 0.0165
315 14.9681 0.0368077 5.46343 0.016549
316 14.9686 0.036695 5.46374 0.0164993
317 14.9673 0.0366027 5.46415 0.0164525
318 14.9662 0.0365031 5.46419 0.0164007
319 14.9653 0.0363992 5.46471 0.0163574
320 14.9649 0.0362873 5.46393 0.0163246
321 14.9624 0.0362644 5.46316 0.0162919
322 14.9631 0.0361578 5.46248 0.0162555
323 14.9606 0.0361297 5.46355 0.0162404
324 14.9586 0.0360718 5.4645 0.0162182
325 14.959 0.0359629 5.46739 0.0164244
326 14.9587 0.0358536 5.46638 0.0164052
327 14.9608 0.0358024 5.46542 0.0163829
328 14.9589 0.0357412 5.46618 0.0163504
329 14.9589 0.0356325 5.46707 0.0163247
330 14.959 0.0355247 5.46745 0.0162796
331 14.9587 0.0354188 5.46832 0.0162536
332 14.9574 0.0353342 5.46886 0.0162138
333 14.9602 0.0353343 5.46824 0.016177
334 14.9577 0.0353165 5.46775 0.0161361
335 14.9589 0.0352325 5.46693 0.0161086
336 14.9612 0.0352011 5.46614 0.0160802
337 14.9619 0.0351036 5.46635 0.0160338
338 14.962 0.0349997 5.4654 0.0160143
339 14.9616 0.0348976 5.46535 0.0159671
340 14.9639 0.0348645 5.46512 0.0159217
341 14.9616 0.0348344 5.46545 0.0158785
342 14.9591 0.0348231 5.46512 0.0158354
343 14.9585 0.0347273 5.4654 0.0157917
344 14.9573 0.0346453 5.46508 0.0157491
345 14.9554 0.0345998 5.46543 0.0157073
346 14.9539 0.0345316 5.4661 0.0156763
347 14.9518 0.0344957 5.46603 0.0156312
348 14.9525 0.0344044 5.46543 0.0155979
349 14.9528 0.0343067 5.46714 0.0156472
350 14.9524 0.0342105 5.46728 0.0156031
351 14.9523 0.0341132 5.4675 0.01556
352 14.9535 0.0340375 5.46564 0.0156263
353 14.9513 0.0340103 5.46574 0.0155823
354 14.953 0.0339571 5.46513 0.0155502
355 14.9515 0.0338946 5.46471 0.0155119
356 14.9511 0.0338013 5.46588 0.0155123
357 14.9542 0.0338445 5.46376 0.0156128
358 14.9536 0.0337548 5.46311 0.0155829
359 14.9544 0.03367 5.46349 0.0155441
360 14.9544 0.0335764 5.46375 0.0155031
361 14.956 0.0335213 5.46342 0.0154637
362 14.9559 0.0334288 5.46198 0.0154875
363 14.9555 0.0333389 5.46283 0.0154677
364 14.9559 0.0332501 5.4638 0.0154562
365 14.9594 0.033339 5.46273 0.0154511
366 14.9593 0.0332481 5.46144 0.0154625
367 14.9613 0.0332175 5.46136 0.0154206
368 14.9594 0.0331818 5.46228 0.015406
369 14.959 0.0330933 5.4621 0.0153652
370 14.9584 0.0330094 5.46246 0.015328
371 14.9578 0.0329266 5.46225 0.015288
372 14.9565 0.0328632 5.4627 0.0152534
373 14.9567 0.0327757 5.46294 0.0152143
374 14.9581 0.0327192 5.46428 0.0152327
375 14.9585 0.0326341 5.46437 0.0151923
376 14.9622 0.0327584 5.46255 0.0152612
377 14.9596 0.0327759 5.46216 0.0152256
378 14.9621 0.0327793 5.46148 0.0152002
379 14.9633 0.0327176 5.46274 0.0152116
380 14.9634 0.0326315 5.46226 0.0151788
381 14.9639 0.0325497 5.46232 0.015139
382 14.9659 0.0325268 5.46102 0.0151556
383 14.966 0.0324419 5.46234 0.0151738
384 14.9649 0.0323772 5.46223 0.0151346
385 14.9685 0.0324944 5.46111 0.0151369
386 14.968 0.032413 5.46147 0.0151021
387 14.9665 0.0323671 5.46162 0.0150637
388 14.9646 0.0323359 5.46197 0.015029
389 14.9649 0.0322534 5.46164 0.014994
390 14.9634 0.0322032 5.4617 0.0149556
391 14.9631 0.0321225 5.46161 0.0149176
392 14.9615 0.0320809 5.46298 0.0149419
393 14.9609 0.0320042 5.46269 0.0149066
394 14.9577 0.0320791 5.46432 0.0149573
395 14.9576 0.0319983 5.46347 0.0149436
396 14.9609 0.0320899 5.46278 0.0149215
397 14.9595 0.0320386 5.46261 0.0148848
398 14.9585 0.031974 5.46194 0.0148627
399 14.9588 0.0318958 5.4619 0.0148255
400 14.9572 0.0318598 5.46184 0.0147885
401 14.9557 0.0318133 5.46168 0.0147524
402 14.9569 0.0317547 5.46133 0.0147198
403 14.9554 0.031712 5.46164 0.0146864
404 14.9534 0.0316927 5.46105 0.0146618
405 14.9527 0.0316229 5.46048 0.0146365
406 14.9524 0.0315463 5.46064 0.0146012
407 14.9544 0.0315332 5.46084 0.0145667
408 14.9546 0.0314566 5.4602 0.0145449
409 14.9558 0.0314006 5.46018 0.0145093
410 14.9572 0.0313545 5.46013 0.014474
411 14.9556 0.0313157 5.46074 0.0144517
412 14.9564 0.0312489 5.45976 0.0144502
413 14.9558 0.0311788 5.46052 0.0144353
414 14.956 0.0311039 5.46045 0.0144005
415 14.9557 0.0310307 5.46026 0.014367
416 14.9544 0.0309806 5.46048 0.0143341
417 14.9545 0.0309063 5.4603 0.0143008
418 14.9553 0.0308439 5.46107 0.014287
419 14.959 0.0309944 5.46019 0.0142797
420 14.9604 0.0309492 5.46061 0.0142518
421 14.9593 0.0308944 5.46127 0.0142332
422 14.9592 0.0308213 5.46215 0.0142269
423 14.9596 0.0307517 5.46248 0.014197
424 14.9611 0.0307129 5.46125 0.0142166
425 14.9621 0.0306574 5.46131 0.0141833
426 14.9625 0.0305882 5.46126 0.0141501
427 14.9619 0.0305215 5.4627 0.0141904
428 14.9626 0.0304574 5.46139 0.0142182
429 14.9635 0.0303985 5.46094 0.0141921
430 14.9643 0.0303393 5.46107 0.0141597
431 14.9624 0.0303275 5.46182 0.0141468
432 14.9613 0.0302788 5.46181 0.014114
433 14.9637 0.030305 5.46177 0.0140815
434 14.9607 0.0303839 5.4619 0.0140496
435 14.9595 0.0303371 5.46255 0.0140326
436 14.9584 0.0302876 5.46284 0.0140034
437 14.9576 0.0302278 5.46249 0.0139758
438 14.9596 0.0302256 5.46273 0.013946
439 14.9607 0.0301766 5.46262 0.0139147
440 14.9621 0.0301367 5.46218 0.01389
441 14.9602 0.030123 5.46286 0.013875
442 14.9605 0.0300562 5.462 0.0138703
443 14.9588 0.0300378 5.461 0.0138746
444 14.9579 0.0299834 5.46104 0.0138433
445 14.9578 0.0299163 5.4606 0.0138191
446 14.9595 0.0298999 5.45983 0.0138097
447 14.9598 0.029834 5.45936 0.013787
448 14.9608 0.0297852 5.45954 0.0137574
449 14.9626 0.0297753 5.45926 0.0137297
450 14.9614 0.0297352 5.45938 0.0136996
451 14.961 0.0296711 5.46008 0.0136874
452 14.962 0.0296196 5.45988 0.0136585
453 14.9638 0.0296125 5.45904 0.0136543
454 14.9624 0.0295802 5.45901 0.0136242
455 14.9628 0.0295178 5.45927 0.0135966
456 14.9636 0.0294624 5.45899 0.0135697
457 14.9656 0.02947 5.45909 0.0135404
458 14.9676 0.0294727 5.45777 0.0135747
459 14.9667 0.029422 5.45835 0.0135577
460 14.9658 0.0293722 5.45834 0.0135282
461 14.9675 0.0293589 5.45826 0.013499
462 14.9688 0.0293228 5.45869 0.0134764
463 14.9681 0.0292665 5.45912 0.0134542
464 14.9702 0.0292778 5.45859 0.0134357
465 14.97 0.0292156 5.45929 0.0134253
466 14.9721 0.0292273 5.4597 0.0134025
467 14.9739 0.0292177 5.45943 0.0133764
468 14.9746 0.0291641 5.45837 0.0133895
469 14.9763 0.0291558 5.45893 0.0133725
470 14.9759 0.0290964 5.45887 0.0133441
471 14.9752 0.0290452 5.45929 0.0133225
472 14.9759 0.028993 5.45975 0.0133022
473 14.9761 0.028932 5.46007 0.0132778
474 14.9762 0.0288716 5.461 0.0132822
475 14.976 0.028812 5.46114 0.013255
476 14.9763 0.0287537 5.46221 0.0132708
477 14.9756 0.0287036 5.4625 0.013246
478 14.9745 0.0286644 5.46214 0.013223
479 14.9718 0.0287315 5.46188 0.013198
480 14.9712 0.0286773 5.46182 0.0131706
481 14.9708 0.0286205 5.46193 0.0131437
482 14.9709 0.0285614 5.46204 0.0131168
483 14.9695 0.0285391 5.46263 0.0131028
484 14.9695 0.0284801 5.46274 0.0130762
485 14.9719 0.0285258 5.46194 0.0130742
486 14.9726 0.0284746 5.46187 0.0130474
487 14.9726 0.0284161 5.46106 0.013046
488 14.9726 0.0283579 5.46042 0.0130348
489 14.9729 0.0283026 5.4614 0.0130448
490 14.975 0.0283188 5.46042 0.013055
491 14.9744 0.0282677 5.46033 0.0130287
492 14.9749 0.0282149 5.46023 0.0130026
493 14.9738 0.0281804 5.4598 0.0129835
494 14.9738 0.0281233 5.46019 0.0129632
495 14.9728 0.0280834 5.46084 0.0129534
496 14.9719 0.028041 5.4614 0.012939
497 14.9713 0.0279915 5.46087 0.0129235
498 14.9691 0.0280178 5.46121 0.0129021
499 14.9687 0.0279652 5.46137 0.0128771
500 14.9671 0.0279522 5.46187 0.0128614
501 14.9669 0.0278977 5.46184 0.0128357
502 14.9679 0.0278606 5.46165 0.0128116
503 14.9693 0.0278423 5.46054 0.012834
504 14.9691 0.0277882 5.4611 0.0128207
505 14.9692 0.0277333 5.46098 0.0127959
506 14.9701 0.0276926 5.4607 0.0127736
507 14.9718 0.0276939 5.46176 0.0127923
508 14.9703 0.0276833 5.46209 0.0127716
509 14.9713 0.027648 5.4622 0.0127469
510 14.9712 0.0275938 5.46268 0.012731
511 14.971 0.027541 5.46231 0.0127114
512 14.9711 0.0274874 5.46273 0.0126934
513 14.9712 0.0274341 5.46314 0.0126752
514 14.9704 0.0273923 5.46361 0.0126592
515 14.9711 0.0273468 5.46331 0.0126381
516 14.9705 0.0272987 5.46345 0.0126144
517 14.9722 0.0272967 5.46369 0.0125922
518 14.9709 0.0272747 5.46399 0.0125716
519 14.9703 0.0272281 5.46402 0.0125473
520 14.9705 0.027176 5.46495 0.012558
521 14.9726 0.0272095 5.46486 0.0125342
522 14.9704 0.027248 5.46645 0.0126109
523 14.9703 0.0271964 5.46629 0.0125879
524 14.9699 0.0271464 5.4659 0.0125698
525 14.9704 0.0270987 5.46549 0.0125527
526 14.9713 0.0270634 5.46513 0.012534
527 14.9717 0.0270139 5.46485 0.0125133
528 14.9693 0.0270614 5.46482 0.0124896
529 14.9695 0.0270106 5.46533 0.0124763
530 14.9699 0.0269626 5.46519 0.0124535
531 14.9696 0.0269132 5.4647 0.0124399
532 14.9704 0.0268735 5.46489 0.012418
533 14.9713 0.0268375 5.46415 0.0124168
534 14.9723 0.0268061 5.46381 0.0123982
535 14.9719 0.0267583 5.46382 0.012375
536 14.9712 0.026718 5.46353 0.0123554
537 14.9703 0.0266825 5.46419 0.0123499
538 14.9694 0.0266485 5.46452 0.0123313
539 14.9704 0.0266188 5.46498 0.012317
540 14.9684 0.026651 5.46538 0.0123007
541 14.9678 0.0266082 5.46588 0.0122881
542 14.9667 0.0265791 5.46559 0.0122688
543 14.9672 0.0265341 5.46507 0.0122573
544 14.9682 0.0265054 5.46491 0.0122358
545 14.9684 0.0264574 5.46485 0.0122134
546 14.9692 0.0264204 5.46457 0.0121943
547 14.9697 0.0263762 5.46475 0.0121733
548 14.9689 0.026339 5.46539 0.012168
549 14.9676 0.0263252 5.46557 0.0121471
550 14.9682 0.0262855 5.46488 0.0121449
551 14.9681 0.0262381 5.4653 0.01213
552 14.9682 0.0261909 5.46534 0.0121081
553 14.9686 0.0261455 5.46535 0.0120862
554 14.9671 0.026138 5.46572 0.01207
555 14.9659 0.0261175 5.46597 0.0120509
556 14.9665 0.026076 5.46643 0.0120382
557 14.9669 0.0260326 5.4668 0.0120221
558 14.9657 0.0260133 5.46701 0.0120024
559 14.9648 0.0259844 5.46664 0.0119866
560 14.9638 0.0259565 5.46675 0.0119656
561 14.9636 0.0259109 5.4658 0.0119819
562 14.963 0.0258704 5.46572 0.0119608
563 14.9633 0.025826 5.4658 0.0119398
564 14.9652 0.0258519 5.46542 0.0119248
565 14.9665 0.0258373 5.46477 0.0119213
566 14.9677 0.0258206 5.46444 0.0119048
567 14.9655 0.0258754 5.46503 0.0118987
568 14.9669 0.025871 5.46444 0.0118924
569 14.9675 0.0258319 5.46464 0.0118732
570 14.9687 0.0258138 5.46483 0.0118539
571 14.9669 0.0258305 5.46481 0.0118331
572 14.9672 0.0257873 5.46493 0.011813
573 14.9662 0.0257618 5.4651 0.0117936
574 14.9653 0.025733 5.4653 0.0117747
575 14.9644 0.0257032 5.4656 0.0117582
576 14.9645 0.0256587 5.46601 0.0117449
577 14.9631 0.0256534 5.46583 0.011726
578 14.9626 0.0256147 5.46604 0.0117074
579 14.9633 0.0255807 5.46614 0.0116877
580 14.9642 0.0255521 5.46586 0.0116709
581 14.9627 0.0255512 5.46623 0.0116566
582 14.9631 0.0255099 5.46663 0.0116434
583 14.9635 0.0254692 5.46673 0.0116238
584 14.9641 0.0254327 5.46689 0.011605
585 14.9644 0.0253912 5.46669 0.0115868
586 14.9639 0.0253535 5.46652 0.0115683
587 14.9626 0.0253409 5.46682 0.0115525
588 14.9615 0.0253221 5.46657 0.0115356
589 14.961 0.0252834 5.46623 0.0115208
590 14.9612 0.0252411 5.46496 0.0115714
591 14.9595 0.025254 5.4659 0.0115898
592 14.958 0.0252596 5.46603 0.0115709
593 14.9579 0.0252171 5.46595 0.0115516
594 14.9569 0.0251958 5.46668 0.0115554
595 14.9575 0.025161 5.46734 0.0115548
596 14.9581 0.0251275 5.46673 0.0115513
597 14.9572 0.0251043 5.46707 0.0115369
598 14.9574 0.0250629 5.46756 0.0115279
599 14.9565 0.0250364 5.46771 0.0115096
600 14.9559 0.0250024 5.4681 0.011497
601 14.9549 0.0249772 5.46808 0.0114778
602 14.9573 0.0250505 5.4673 0.0114855
603 14.9567 0.0250176 5.46728 0.0114665
604 14.9572 0.0249822 5.46702 0.0114505
605 14.9566 0.0249485 5.46751 0.0114421
606 14.9579 0.02494 5.467 0.0114347
607 14.959 0.0249224 5.46716 0.0114169
608 14.9579 0.0249031 5.46741 0.011401
609 14.9602 0.0249659 5.4671 0.0113866
610 14.9602 0.0249249 5.46749 0.0113746
611 14.9608 0.0248904 5.46691 0.0113707
612 14.9607 0.02485 5.46772 0.0113807
613 14.9599 0.024821 5.46785 0.0113629
614 14.9593 0.0247874 5.46769 0.0113455
615 14.9586 0.024757 5.46744 0.0113297
616 14.9593 0.024725 5.46748 0.0113114
617 14.9602 0.0247031 5.46766 0.0112944
618 14.9596 0.0246714 5.46762 0.0112761
619 14.9595 0.0246318 5.46741 0.0112599
620 14.9594 0.0245921 5.46714 0.0112448
621 14.9604 0.0245721 5.46693 0.0112288
622 14.9608 0.0245355 5.46706 0.0112114
623 14.9607 0.0244964 5.46693 0.0111941
624 14.9619 0.0244893 5.46677 0.0111774
625 14.9631 0.024477 5.46651 0.0111625
626 14.962 0.0244596 5.46724 0.0111687
627 14.9628 0.024434 5.46715 0.0111512
628 14.9623 0.0244002 5.46715 0.0111335
629 14.9642 0.0244326 5.46678 0.011122
630 14.9652 0.0244136 5.46743 0.0111235
631 14.9655 0.0243764 5.46719 0.0111083
632 14.9652 0.0243387 5.46771 0.011103
633 14.9646 0.0243085 5.46833 0.0111025
634 14.9636 0.0242931 5.46846 0.0110858
635 14.964 0.0242583 5.46817 0.0110723
636 14.9645 0.0242258 5.46802 0.0110558
637 14.9631 0.0242273 5.46832 0.0110425
638 14.9627 0.0241921 5.46874 0.0110331
639 14.9622 0.0241597 5.46907 0.0110207
640 14.9622 0.0241219 5.46954 0.0110135
641 14.9635 0.0241196 5.46926 0.0109999
642 14.9636 0.024082 5.46885 0.0109905
643 14.9642 0.024052 5.46888 0.0109735
644 14.9646 0.024019 5.46902 0.0109573
645 14.9647 0.023982 5.46842 0.0109566
646 14.9655 0.0239581 5.46842 0.0109397
647 14.965 0.0239259 5.46888 0.0109325
648 14.9652 0.0238895 5.46933 0.010925
649 14.9657 0.023858 5.46892 0.0109161
650 14.9639 0.023891 5.46935 0.0109081
651 14.9645 0.0238621 5.469 0.0108972
652 14.9638 0.0238346 5.46941 0.0108883
653 14.963 0.023812 5.47014 0.0108964
654 14.9614 0.0238299 5.47046 0.0108842
655 14.9606 0.0238095 5.47032 0.0108684
656 14.9601 0.023778 5.46993 0.0108588
657 14.9583 0.0238071 5.47024 0.0108467
658 14.9601 0.023837 5.46892 0.0109097
659 14.9581 0.0238865 5.46914 0.0108953
660 14.9586 0.0238569 5.46861 0.0108916
661 14.9587 0.0238209 5.46844 0.0108764
662 14.9582 0.0237903 5.4688 0.0108659
663 14.9585 0.023757 5.46889 0.0108499
664 14.9583 0.0237221 5.46879 0.0108339
665 14.9587 0.0236904 5.46902 0.01082
666 14.9609 0.0237526 5.46868 0.010809
667 14.9605 0.0237203 5.46871 0.0107929
668 14.9609 0.0236884 5.46846 0.0107798
669 14.9616 0.0236619 5.46859 0.0107645
670 14.9617 0.0236269 5.46858 0.0107484
671 14.9622 0.023597 5.46879 0.0107343
672 14.9627 0.0235665 5.4683 0.010729
673 14.9621 0.0235385 5.46844 0.0107139
674 14.9629 0.0235191 5.46765 0.0107273
675 14.9623 0.0234921 5.46778 0.0107122
676 14.9627 0.0234596 5.46726 0.0107086
677 14.9617 0.0234449 5.46832 0.0107446
678 14.9613 0.0234143 5.4676 0.0107529
679 14.9618 0.0233863 5.46722 0.0107438
680 14.9613 0.0233574 5.46718 0.0107281
681 14.9613 0.0233231 5.46747 0.0107164
682 14.962 0.0232976 5.46629 0.0107655
683 14.9602 0.0233308 5.46673 0.0107588
684 14.96 0.0232971 5.46716 0.0107517
685 14.9603 0.0232649 5.46671 0.0107457
686 14.9601 0.0232323 5.46689 0.0107315
687 14.9607 0.0232069 5.46679 0.0107163
688 14.9615 0.0231872 5.46616 0.0107191
689 14.9612 0.0231556 5.466 0.0107048
690 14.9614 0.0231231 5.46538 0.0107069
691 14.963 0.0231407 5.46417 0.0107598
692 14.963 0.0231073 5.46396 0.0107463
693 14.963 0.0230739 5.46464 0.0107519
694 14.9624 0.0230482 5.46495 0.010741
695 14.961 0.0230595 5.46479 0.0107266
696 14.9606 0.0230301 5.4651 0.0107154
697 14.9604 0.0229975 5.46432 0.0107279
698 14.9609 0.022971 5.46445 0.0107133
699 14.9613 0.022941 5.46424 0.0107
700 14.9611 0.022909 5.46435 0.0106853
701 14.9609 0.022877 5.46331 0.0107208
702 14.9602 0.0228557 5.46368 0.0107122
703 14.9595 0.0228351 5.46401 0.0107018
704 14.9599 0.0228067 5.46454 0.0106999
705 14.9615 0.0228289 5.46431 0.0106872
706 14.9617 0.0227977 5.46469 0.010679
707 14.9623 0.0227723 5.46519 0.0106753
708 14.9636 0.0227802 5.46568 0.0106714
709 14.9635 0.0227485 5.46584 0.0106575
710 14.9645 0.0227406 5.46567 0.0106438
711 14.9643 0.0227093 5.46561 0.010629
712 14.964 0.0226804 5.46477 0.0106471
713 14.9648 0.0226621 5.46484 0.0106324
714 14.9642 0.0226366 5.46518 0.0106231
715 14.9659 0.0226664 5.46543 0.0106111
716 14.9648 0.0226611 5.46607 0.0106154
717 14.9636 0.0226618 5.46666 0.0106175
718 14.9631 0.0226353 5.46643 0.0106053
719 14.9634 0.0226061 5.46697 0.0106047
720 14.9653 0.0226532 5.4663 0.0106113
721 14.9655 0.0226226 5.46612 0.0105981
722 14.9643 0.0226254 5.46703 0.0106218
723 14.9658 0.0226457 5.46627 0.010634
724 14.9685 0.0227787 5.46544 0.0106521
725 14.969 0.0227533 5.46502 0.0106455
726 14.9687 0.0227252 5.46457 0.0106401
727 14.9686 0.0226942 5.46415 0.0106339
728 14.9683 0.022665 5.46439 0.010622
729 14.9683 0.0226341 5.46443 0.0106075
730 14.9695 0.0226323 5.46472 0.0105967
731 14.9691 0.0226042 5.46451 0.0105843
732 14.9684 0.0225838 5.46508 0.0105853
733 14.9704 0.0226356 5.46444 0.0105899
734 14.9702 0.0226054 5.46447 0.0105755
735 14.9699 0.0225772 5.46421 0.0105643
736 14.97 0.0225467 5.46428 0.0105502
737 14.9688 0.0225442 5.46441 0.0105367
738 14.9684 0.0225176 5.46433 0.0105227
739 14.969 0.0224953 5.46414 0.0105101
740 14.9694 0.022469 5.46416 0.0104959
741 14.9708 0.0224769 5.4641 0.0104819
742 14.9713 0.022454 5.46382 0.0104716
743 14.9731 0.0224902 5.46269 0.0105184
744 14.9731 0.02246 5.46296 0.0105078
745 14.9727 0.0224331 5.46291 0.0104939
746 14.9735 0.0224153 5.46242 0.0104912
747 14.9737 0.0223866 5.46254 0.0104777
748 14.9741 0.0223602 5.46275 0.0104658
749 14.9741 0.0223303 5.46308 0.0104571
750 14.9733 0.022314 5.46322 0.0104441
751 14.9741 0.0222965 5.46279 0.0104388
752 14.9737 0.0222698 5.46266 0.0104258
753 14.9734 0.0222422 5.46381 0.0104757
754 14.9731 0.0222149 5.46373 0.010462
755 14.9729 0.0221866 5.46352 0.0104504
756 14.9732 0.0221607 5.46403 0.0104491
757 14.9736 0.0221349 5.46434 0.0104398
758 14.9746 0.0221263 5.464 0.0104314
759 14.9739 0.0221069 5.46395 0.0104178
760 14.9728 0.0221089 5.46403 0.0104044
761 14.9719 0.0220957 5.46423 0.0103925
762 14.9721 0.0220674 5.46411 0.0103795
763 14.9724 0.02204 5.46444 0.0103712
764 14.9736 0.022044 5.46432 0.0103583
765 14.9739 0.0220183 5.46452 0.0103466
766 14.973 0.0220097 5.46461 0.0103335
767 14.9735 0.021986 5.46386 0.0103478
768 14.9739 0.0219616 5.46389 0.0103344
769 14.973 0.0219529 5.46462 0.0103471
770 14.9732 0.021926 5.46401 0.0103518
771 14.9736 0.0219005 5.46369 0.0103432
772 14.9734 0.0218734 5.46365 0.0103299
773 14.9738 0.0218497 5.46317 0.0103277
774 14.9748 0.0218447 5.46343 0.0103177
775 14.9743 0.0218236 5.46331 0.010305
776 14.9745 0.0217964 5.46297 0.0102974
777 14.9741 0.0217705 5.46311 0.010285
778 14.9742 0.0217425 5.46314 0.0102719
779 14.9749 0.0217273 5.46312 0.0102587
780 14.9751 0.0217008 5.46327 0.0102467
781 14.9754 0.0216744 5.46336 0.010234
782 14.9741 0.0216874 5.46346 0.0102214
783 14.9759 0.021738 5.46321 0.0102113
784 14.9752 0.0217228 5.46341 0.0102002
785 14.9759 0.0217085 5.46371 0.0101915
786 14.9753 0.0216898 5.46419 0.0101899
787 14.9749 0.0216665 5.4641 0.0101773
788 14.9739 0.0216623 5.46466 0.0101799
789 14.9757 0.021713 5.46415 0.0101796
790 14.9772 0.0217336 5.46414 0.0101667
791 14.9777 0.0217133 5.46416 0.0101539
792 14.9785 0.0217012 5.4641 0.0101413
793 14.9776 0.0216928 5.46429 0.0101303
794 14.9768 0.0216814 5.46446 0.010119
795 14.9778 0.0216761 5.46447 0.0101062
796 14.9781 0.0216519 5.46444 0.0100935
797 14.9765 0.0216846 5.46482 0.0100881
798 14.9763 0.0216591 5.46514 0.0100802
799 14.9775 0.0216668 5.46532 0.0100693
800 14.9785 0.0216624 5.46524 0.0100571
801 14.9795 0.021659 5.46502 0.010047
802 14.9793 0.0216332 5.4654 0.0100417
803 14.9795 0.0216076 5.46536 0.0100292
804 14.981 0.0216303 5.4652 0.0100181
805 14.9808 0.0216042 5.46489 0.0100104
806 14.9805 0.0215789 5.46481 0.00999828
807 14.9816 0.0215776 5.46442 0.00999376
808 14.981 0.0215588 5.46417 0.00998431
809 14.9793 0.0216004 5.46415 0.009972
810 14.9791 0.0215741 5.46429 0.00996074
811 14.9796 0.0215526 5.46421 0.00994882
812 14.9798 0.0215271 5.46439 0.0099382
813 14.9798 0.0215006 5.46425 0.00992695
814 14.9807 0.0214909 5.46384 0.0099231
815 14.9796 0.0214915 5.46396 0.00991165
816 14.9786 0.0214899 5.46387 0.00989989
817 14.9783 0.0214659 5.46397 0.00988829
818 14.9775 0.0214541 5.46426 0.00988041
819 14.9773 0.0214283 5.4646 0.00987409
820 14.9765 0.021418 5.4658 0.00993529
821 14.976 0.0213993 5.46585 0.0099233
822 14.9764 0.0213788 5.4658 0.00991136
823 14.9754 0.0213788 5.46547 0.00990488
824 14.9758 0.0213574 5.46539 0.00989317
825 14.9755 0.0213344 5.46555 0.00988258
826 14.9755 0.0213086 5.465 0.00988617
827 14.9761 0.0212919 5.46482 0.00987592
828 14.9757 0.0212691 5.46495 0.00986488
829 14.9767 0.0212634 5.46504 0.0098534
830 14.9777 0.0212627 5.46488 0.00984279
831 14.9774 0.0212393 5.465 0.00983168
832 14.9769 0.0212197 5.46476 0.00982281
833 14.9765 0.0211976 5.46511 0.00981705
834 14.976 0.0211797 5.4653 0.00980714
835 14.9751 0.0211701 5.4654 0.00979593
836 14.9746 0.0211517 5.46542 0.00978423
837 14.975 0.0211311 5.465 0.00978166
838 14.976 0.0211265 5.46432 0.00979356
839 14.9767 0.0211137 5.46409 0.00978468
840 14.9772 0.0210947 5.46383 0.0097764
841 14.9766 0.0210775 5.4639 0.00976505
842 14.9777 0.0210795 5.46354 0.00975997
843 14.978 0.021056 5.46344 0.00974898
844 14.9778 0.0210314 5.46369 0.00974074
845 14.9773 0.021012 5.46363 0.00972943
846 14.9772 0.0209874 5.46362 0.00971792
847 14.9773 0.0209627 5.46381 0.00970838
848 14.9766 0.0209502 5.46397 0.00969824
849 14.976 0.0209343 5.46408 0.00968736
850 14.9757 0.0209109 5.46437 0.00968056
851 14.9755 0.0208873 5.46422 0.00967036
852 14.9758 0.0208648 5.46429 0.00965924
853 14.9757 0.0208407 5.46435 0.00964806
854 14.9755 0.0208168 5.46362 0.0096637
855 14.975 0.0208009 5.464 0.00965969
856 14.9749 0.0207766 5.46452 0.0096625
857 14.9756 0.0207625 5.46435 0.00965275
858 14.9754 0.020739 5.46324 0.00970481
859 14.9758 0.020719 5.46366 0.00970259
860 14.9763 0.0207017 5.46344 0.00969382
861 14.9773 0.0206975 5.46263 0.00971686
862 14.9769 0.0206762 5.46246 0.00970695
863 14.9775 0.0206591 5.46244 0.00969572
864 14.9771 0.020639 5.4621 0.00969055
865 14.9776 0.0206216 5.46238 0.00968361
866 14.9773 0.0205994 5.46207 0.00967764
867 14.9768 0.0205828 5.46234 0.00967051
868 14.9769 0.0205596 5.46237 0.00965939
869 14.9773 0.0205396 5.46274 0.00965522
870 14.9763 0.0205388 5.46298 0.00964728
871 14.9769 0.020524 5.4629 0.00963654
872 14.9761 0.0205175 5.46303 0.0096264
873 14.9755 0.0205013 5.46334 0.00962041
874 14.9756 0.0204779 5.46351 0.00961076
875 14.9752 0.0204589 5.46373 0.00960228
876 14.9761 0.0204572 5.46349 0.00959413
877 14.9764 0.020436 5.46361 0.00958388
878 14.9758 0.0204227 5.46363 0.00957297
879 14.9756 0.0204 5.46378 0.00956336
880 14.975 0.020387 5.46362 0.00955383
881 14.976 0.0203914 5.46372 0.00954349
882 14.9762 0.0203688 5.46375 0.0095327
883 14.9758 0.0203489 5.46313 0.0095416
884 14.9749 0.0203449 5.46291 0.00953345
885 14.9751 0.0203226 5.46272 0.00952458
886 14.9761 0.0203243 5.46226 0.0095247
887 14.977 0.0203187 5.46189 0.00952146
888 14.9765 0.0203017 5.4621 0.00951316
889 14.9766 0.0202791 5.46183 0.00950626
890 14.9772 0.0202649 5.46164 0.00949746
891 14.9761 0.0202705 5.46204 0.00949501
892 14.9764 0.0202495 5.46194 0.00948485
893 14.9763 0.0202268 5.46123 0.00950106
894 14.9765 0.0202048 5.46123 0.00949043
895 14.9756 0.0202038 5.46081 0.00948932
896 14.9754 0.0201816 5.46106 0.00948193
897 14.9742 0.020196 5.46107 0.00947136
898 14.9748 0.0201826 5.46079 0.00946495
899 14.975 0.0201606 5.46041 0.00946173
900 14.9756 0.0201475 5.45972 0.00947671
901 14.9755 0.0201253 5.45997 0.00946959
902 14.9759 0.0201061 5.45968 0.0094637
903 14.9753 0.0200924 5.45973 0.00945338
904 14.9752 0.0200705 5.45981 0.00944327
905 14.9746 0.0200565 5.45998 0.00943424
906 14.9755 0.0200545 5.46038 0.00943234
907 14.9751 0.020036 5.46056 0.00942367
908 14.975 0.0200142 5.46058 0.0094133
909 14.9749 0.0199925 5.46058 0.00940294
910 14.9759 0.019997 5.46033 0.00939594
911 14.9768 0.0199936 5.4603 0.00938567
912 14.9763 0.0199765 5.46081 0.00938896
913 14.9778 0.0200077 5.46043 0.00938626
914 14.9779 0.019986 5.46035 0.00937638
915 14.9781 0.0199653 5.46053 0.00936801
916 14.9789 0.0199602 5.46038 0.00935909
917 14.9789 0.0199384 5.46038 0.00934887
918 14.9797 0.0199316 5.46018 0.00934085
919 14.9796 0.0199103 5.46047 0.00933505
920 14.9783 0.0199308 5.46158 0.00939133
921 14.979 0.0199237 5.46154 0.00938124
922 14.9778 0.019939 5.46214 0.00939036
923 14.979 0.0199522 5.46189 0.00938337
924 14.9791 0.0199311 5.46183 0.00937345
925 14.9797 0.0199181 5.46197 0.00936437
926 14.9804 0.0199093 5.46188 0.00935464
927 14.9796 0.0199044 5.4619 0.00934458
928 14.9802 0.0198906 5.46149 0.00934367
929 14.9809 0.019883 5.46124 0.00933696
930 14.9802 0.0198767 5.46184 0.0093459
931 14.9794 0.0198693 5.46185 0.00933586
932 14.9787 0.0198609 5.46187 0.00932587
933 14.9795 0.0198555 5.46177 0.00931646
934 14.9799 0.0198395 5.46222 0.00931755
935 14.9803 0.0198225 5.46225 0.00930763
936 14.9798 0.0198098 5.46229 0.00929777
937 14.9788 0.0198123 5.46239 0.00928833
938 14.9788 0.0197911 5.46245 0.00927861
939 14.9797 0.01979 5.46209 0.0092756
940 14.98 0.0197707 5.46259 0.00927906
941 14.9801 0.0197505 5.46265 0.00926941
942 14.9804 0.0197311 5.46275 0.00926012
943 14.9813 0.0197309 5.46277 0.00925032
944 14.9815 0.0197114 5.46219 0.0092586
945 14.9814 0.0196913 5.46245 0.00925246
946 14.9813 0.0196705 5.46235 0.00924325
947 14.9798 0.0197043 5.46255 0.00923571
948 14.9807 0.0197025 5.46205 0.00923979
949 14.9795 0.019721 5.46222 0.00923153
950 14.9793 0.0197008 5.46202 0.00922383
951 14.9792 0.0196802 5.46199 0.0092142
952 14.9791 0.0196598 5.46223 0.00920762
953 14.9788 0.0196422 5.46246 0.00920094
954 14.9781 0.0196324 5.46248 0.00919132
955 14.9788 0.0196238 5.46245 0.00918176
956 14.9786 0.0196043 5.4626 0.00917341
957 14.9778 0.0196018 5.46269 0.00916427
958 14.9777 0.0195814 5.46246 0.00915756
959 14.9774 0.0195638 5.46243 0.00914806
960 14.9769 0.0195487 5.46241 0.00913855
961 14.9753 0.0195959 5.4626 0.00913113
962 14.974 0.0196207 5.46258 0.00912167
963 14.9749 0.0196209 5.46283 0.00911561
964 14.9756 0.0196145 5.46284 0.00910615
965 14.9759 0.0195955 5.46285 0.00909673
966 14.9741 0.0196525 5.46353 0.00911242
967 14.9733 0.0196479 5.4632 0.00910902
968 14.9723 0.0196526 5.46332 0.00910038
969 14.9715 0.0196515 5.46375 0.00910118
970 14.971 0.0196357 5.46383 0.00909213
971 14.9712 0.0196162 5.46393 0.00908331
972 14.9714 0.0195969 5.46352 0.00908325
973 14.9716 0.0195773 5.46331 0.00907614
974 14.9722 0.0195673 5.46365 0.00907285
975 14.9727 0.0195537 5.46308 0.00908094
976 14.9726 0.0195337 5.46297 0.0090724
977 14.9725 0.019514 5.46261 0.0090699
978 14.9727 0.0194946 5.46271 0.00906112
979 14.9726 0.0194748 5.46306 0.0090585
980 14.9727 0.019455 5.46275 0.00905432
981 14.9716 0.0194632 5.46293 0.00904683
982 14.9712 0.0194484 5.46283 0.00903822
983 14.9707 0.019434 5.46259 0.00903214
984 14.9711 0.0194174 5.46263 0.00902304
985 14.9709 0.0193984 5.46196 0.00903884
986 14.9722 0.0194224 5.46213 0.00903132
987 14.9717 0.0194094 5.46198 0.00902349
988 14.973 0.0194313 5.46198 0.00901436
989 14.9726 0.0194159 5.46191 0.00900551
990 14.9737 0.019429 5.46184 0.00899669
991 14.974 0.0194124 5.46166 0.00898937
992 14.9739 0.0193932 5.46112 0.00899701
993 14.9735 0.0193772 5.4612 0.00898832
994 14.9743 0.0193729 5.46126 0.00897946
995 14.9752 0.0193742 5.46133 0.00897075
996 14.9757 0.0193608 5.46138 0.00896184
997 14.976 0.0193443 5.46111 0.00895666
998 14.9752 0.0193427 5.46123 0.00894844
999 14.9743 0.0193432 5.46123 0.00893947
1000 14.9741 0.019325 5.46124 0.00893054
